4350111	2	3.929740
7947100	13	3.399474
7091501	8	3.904362
3530265	2	4.284378
1357853	13	4.224743
9882598	16	3.661365
3496900	12	4.488353
1173773	14	6.365686
8365440	6	3.775326
4541628	12	6.570990
2576077	6	6.902849
1542959	11	5.106280
3148022	13	7.020968
2515926	2	4.808606
5081098	8	6.602677
4535895	8	4.961742
9226853	14	3.857409
7813832	16	6.195065
5388474	7	5.263585
7632148	8	4.578925
8557679	6	3.759326
58762	8	6.348655
769653	13	5.858021
6296377	8	5.545939
4238402	6	6.191144
763290	7	6.381047
3906135	2	4.271906
3977631	2	4.927957
6836076	12	3.856312
7658047	11	4.769668
6573753	5	5.788090
3581299	2	4.287837
2627588	15	3.476780
7304484	12	5.856369
1332843	10	5.404685
8466413	7	6.883114
8878758	6	4.198261
3849649	2	4.640134
769250	7	3.824304
4471404	1	3.500020
9054629	5	6.186728
2374429	5	3.665872
8497487	7	4.867343
6736797	14	6.056841
3978988	16	6.711188
6390251	6	4.581401
7561895	14	4.872181
7358914	1	3.504727
5335098	10	3.257289
5424102	6	6.766633
9770864	2	3.470793
3196409	0	4.812308
1587195	12	3.768222
7355680	5	4.575083
5278379	12	5.291580
1346269	6	4.695286
1879468	9	3.809322
6039889	0	4.895346
1679364	7	3.636877
7410791	14	4.713482
2678478	8	5.968240
774941	6	4.999029
7097548	5	5.374639
8467861	13	6.201970
1183463	16	6.281457
9966367	15	5.921651
4046690	0	4.514384
3975688	3	6.656263
5795054	1	6.563593
3617296	11	3.807926
6953199	1	3.844267
5282316	12	5.975266
539259	12	6.870465
1697140	1	4.610700
4700228	5	5.558431
8659178	12	3.759179
8836578	2	3.933630
564595	11	5.606435
1719711	1	6.695922
4250437	6	5.818730
6202062	5	6.225089
6210120	16	6.299239
5942191	4	3.563512
2821999	10	3.502093
7065262	5	3.977961
8896757	11	5.146581
2389328	6	6.621003
1514636	7	3.380776
3897699	3	5.271861
7258387	10	6.238915
1290472	14	6.045672
9941696	3	3.278517
999536	7	6.220913
4616941	5	3.301075
7593666	9	5.521905
5610355	2	4.286761
6237430	1	4.280283
2188584	13	3.960233
1137905	4	3.216860
9678938	7	6.857213
2104929	5	5.268730
1580241	1	3.725400
8322336	16	6.787556
4876990	15	4.755061
5362033	12	3.274521
9783227	0	5.194733
3697218	14	6.254918
5172922	13	5.074495
4887118	1	5.355187
4013239	13	5.083485
7574284	14	5.165180
8215126	2	6.799072
5192179	16	3.291670
249059	4	5.754857
5952657	2	5.759261
6700617	13	4.528330
8657628	15	4.971172
2767521	7	3.374584
1267109	15	6.065036
1820520	13	3.841415
2033303	16	6.482277
3724967	0	6.776449
48303	3	6.269873
1406072	1	3.508520
2422096	14	4.033865
9998539	11	5.912193
2750615	2	6.007624
1330916	5	6.124020
9480254	13	3.266541
6393777	0	5.923178
6612933	13	3.564056
70435	0	6.526482
943725	15	5.706639
1407684	9	3.801816
2755094	16	3.710388
6467259	12	4.855685
4996574	2	5.203233
7307200	7	3.866937
8233167	0	6.918597
5017202	4	3.393625
7822772	7	6.397946
7616857	11	5.204081
8014812	8	3.368502
3566830	9	6.095298
696089	6	3.400654
7579925	7	4.420099
6551551	3	6.576751
5827178	13	5.386953
8572655	3	4.527840
8683524	16	5.960798
3940429	1	5.562386
3568786	2	4.072187
2564041	4	6.187234
9847404	11	4.461170
9854893	4	6.974509
6923593	13	7.002528
9012091	5	4.282985
442310	5	4.000714
2054299	15	6.371059
1074111	11	5.136564
1884283	0	5.397206
7782294	12	4.104882
1597948	5	6.426874
4199214	3	3.314954
165496	6	3.695709
8491610	0	5.705228
9303529	1	5.520204
7728771	16	6.254962
8568882	8	6.804344
3668018	10	5.582059
43415	1	6.180731
8785761	2	3.487983
6491977	9	6.256892
8120426	8	6.410822
8584139	0	6.060597
1351176	5	3.302339
1566119	7	4.897596
4376147	6	6.978386
8780434	14	4.615016
2451901	13	3.831833
6254138	12	3.345446
8188707	9	3.835617
4189417	2	3.251878
1351424	1	3.181765
3394473	5	5.003163
9880543	14	5.024546
9575387	9	6.098269
9470093	10	5.773236
5165138	9	4.825531
1180048	4	4.037933
6874588	12	4.346977
7037388	14	4.505582
2104822	16	3.707363
507582	16	4.691320
4909345	11	6.426957
1159694	4	3.235942
3361865	8	3.455554
2488344	14	5.068756
736950	10	6.155932
2350929	15	5.969732
9090717	14	5.349595
9244865	15	5.944773
8535097	6	4.694730
4310168	2	4.032581
224701	8	6.049700
60853	12	3.757463
9245121	4	4.560362
6562528	1	3.288229
6754036	1	5.139751
3212832	13	4.649606
5443204	11	5.361988
913800	13	3.300590
7891106	16	4.985224
4730604	13	4.251562
4084593	2	5.571454
4728469	14	4.240114
8790349	3	3.838810
443996	7	4.370531
854762	15	6.663774
9000101	0	5.845006
8754916	4	3.944685
8174275	0	5.742737
7968272	13	4.760400
5238793	15	5.890916
6477445	11	4.652785
3955643	8	3.349223
8806360	14	6.332748
4332734	13	4.734409
2824338	0	5.084928
4086190	10	6.087607
3759736	2	3.708771
9097059	9	5.216494
6862575	7	6.845639
2549733	12	6.710107
2823581	8	6.755131
6794065	14	4.716983
8677888	2	3.265334
3305376	8	7.013410
2644663	12	3.209987
955579	16	4.788718
4695848	12	4.872775
6297003	16	6.743493
7863822	6	3.478483
7769757	9	3.828817
6981074	7	6.046742
9355437	1	4.486621
6628803	13	6.552331
945080	1	5.809655
8205328	8	4.682353
1137942	3	3.672258
930181	12	5.048527
861865	13	5.357520
4410563	8	3.190521
8636639	15	6.139103
7622392	14	5.487724
3377734	1	5.712278
1500280	8	5.409466
6118566	6	3.512431
4808378	4	4.425035
6049187	16	5.186524
3652254	1	5.506165
4164014	14	4.591724
8398729	15	4.022544
4271360	1	5.219404
4507025	12	6.149252
5222022	13	3.410040
7002282	8	6.234317
8401759	8	6.593975
4432490	8	4.184613
4184065	10	6.189757
1561815	1	6.722259
5413268	10	4.993522
7661397	3	4.237776
6027079	13	7.042388
3905489	11	6.453910
1555976	16	6.125521
5680472	13	6.731179
5871549	2	4.087099
8526182	1	3.951819
5295574	5	3.214897
2743768	15	5.782521
2855034	0	4.700900
6780069	4	5.155444
7127656	9	7.116730
4845402	6	5.936073
5588262	15	4.036874
1964619	1	6.489643
7921315	6	4.314589
5938813	0	6.526955
7838937	1	5.726683
5089724	2	3.484413
6973111	14	6.393138
7298276	12	3.163358
4143568	3	4.723348
9974164	14	3.759565
6154935	16	6.746557
953659	7	4.055680
3945857	15	6.276749
8058567	1	6.966044
797237	12	4.912151
5335433	1	6.868731
3380291	8	5.934126
1990162	11	3.639701
537880	11	4.227386
5699421	6	4.959461
6514866	9	3.187948
7557957	9	3.974154
5081342	6	3.266382
9131862	2	3.771820
472892	13	4.968519
4392130	2	4.501004
52249	2	3.233240
3734302	3	4.638971
1202501	7	3.151080
9780935	13	5.133465
1189654	1	6.800615
5809395	1	6.308649
9664753	11	5.985796
7172467	13	4.666381
2779912	11	6.583873
3021213	7	3.249362
4238340	12	6.349742
4273428	12	5.632084
4944467	16	4.192562
1511810	4	5.689865
6312220	9	5.764908
678913	15	6.187746
5855751	6	5.549415
2342507	12	3.677356
2331312	12	5.176475
7380250	6	3.517548
4927082	13	6.253663
4667084	12	3.247589
9399466	14	4.741071
9694538	10	6.085673
6410540	9	4.517627
5296161	6	5.191793
4499540	11	7.130489
5693220	16	6.315369
3556237	11	3.407818
8315766	5	4.386186
2118904	6	3.728403
1478468	7	3.993732
5698558	0	3.680161
1060179	11	3.443307
6908106	10	6.337966
8510685	12	5.438653
3585319	6	6.452782
1046975	5	6.492683
7256178	12	5.714934
7325647	15	3.489884
9665301	1	4.001379
7233265	12	5.520645
2192714	9	5.840164
1560469	2	3.372797
9934287	4	6.328656
9315773	15	6.396954
114942	1	6.157084
4015106	15	4.558756
7364711	10	5.827613
1073353	13	3.620707
859041	14	4.914291
7765503	14	3.427965
6233336	0	4.813187
8969335	13	6.120565
1545397	13	3.336637
1590849	3	4.100720
7281902	11	3.249435
8156461	8	5.383954
3919274	6	5.855490
5743694	1	6.494321
563248	3	4.882605
8212170	10	6.202673
5283763	8	6.201831
1164591	12	6.961549
4987522	5	7.104792
567515	2	5.016540
5407909	2	4.881156
2926371	4	4.648208
4681912	1	5.087436
2099554	7	7.002771
4506633	14	3.141853
1467403	0	5.419286
534709	9	5.827571
5988595	6	4.564556
8627850	13	4.548887
8800141	0	5.809680
3051585	10	5.371471
1088676	0	3.450146
99758	12	3.787445
6595804	4	5.026940
9659763	12	6.991588
5067836	2	4.258417
1943738	8	7.036932
2362953	13	4.186799
9508886	15	4.642097
417556	1	3.689936
429545	0	7.102155
8063610	3	7.124749
5373101	12	6.838527
4344132	3	6.008799
1170791	4	6.406204
6528083	16	7.077566
1886409	16	4.844485
7925757	10	3.447754
8181533	11	3.351377
6254644	0	6.507312
95353	14	3.792909
8130090	16	4.314326
1417536	11	5.889979
9386147	1	4.686107
7397083	14	6.605002
3327250	2	4.328477
3616268	9	4.111365
7675507	4	6.792236
7008570	15	5.194284
9773484	5	3.197371
5273247	12	5.790608
9391340	14	6.178337
2344573	14	4.184766
2150119	14	6.219749
3746081	0	4.327572
3060255	3	5.160554
4530268	0	3.927742
2337446	8	3.338223
6495333	6	3.702497
5679373	14	4.997087
4023852	4	6.367667
2929466	6	3.690871
8627587	3	3.504366
9834581	14	5.276779
5733869	12	5.320819
215117	9	5.445082
6235103	4	5.107764
984449	3	6.264565
4467431	15	3.693776
6184174	10	6.157425
9707207	12	3.429595
6534350	10	6.142497
658950	0	3.524648
8477686	16	6.589205
2933878	4	6.533958
2579036	0	6.812778
4330597	9	3.847510
7244775	6	4.511777
9721672	2	6.740812
59158	4	6.181816
1519779	13	4.277445
3795334	3	6.530236
1950182	3	5.425633
1505666	4	4.106439
3326030	7	6.275637
524861	5	6.438722
1423764	2	5.182979
7308596	4	6.371078
3133976	16	3.594070
5488072	16	3.347483
9313627	11	5.626881
8560421	11	5.328314
2956369	3	5.431338
57500	8	3.749567
9676967	16	7.011589
3202322	3	5.759126
4793389	0	5.509219
423931	14	4.519469
6651091	1	3.916084
492861	10	4.438942
7512198	6	5.932605
5323638	4	3.777945
7195123	9	3.597915
2972639	4	4.224286
57952	8	3.234347
2691158	11	3.260715
1279166	11	5.696390
532261	8	4.843834
3620627	2	4.884699
6772373	2	6.202555
2380956	11	4.884401
8941865	16	6.551666
6708763	6	5.766681
5024323	13	3.579803
6595412	14	4.707587
7014616	9	3.463168
984524	11	6.465736
8290847	6	5.205345
1436545	15	5.923071
5135826	12	6.149504
8039472	11	4.488907
8637327	8	5.007854
8419837	13	4.092446
4236685	0	7.055086
5564989	0	3.153534
1455542	6	6.277779
953034	1	3.443916
8321310	2	6.593140
5371428	15	6.465444
79126	12	5.837861
3561641	7	6.819954
219093	9	6.056304
7215011	4	3.220705
6819945	14	4.698084
3175714	13	3.729638
238407	1	7.012279
3053690	7	4.420342
4067153	8	5.288721
8043152	2	5.629456
9340164	9	5.298246
3345106	9	4.464213
9199449	12	4.080748
5304016	3	5.710599
6537167	8	6.908044
9368734	7	6.011158
8569926	7	5.815346
1249979	10	4.622732
7557526	7	5.847936
7748597	14	3.657956
8993971	7	5.230943
7610855	5	4.102285
3658591	14	7.058779
6790487	10	4.110468
3382188	7	3.945997
4508034	6	3.600139
6284610	9	6.259603
3293967	5	3.831744
7364247	12	6.948410
4715012	14	4.338443
853162	3	6.526232
4092034	3	5.876902
6382677	16	4.924321
2784009	1	3.941911
641217	16	3.474538
9499183	8	3.700273
6818806	3	3.303929
3225201	13	3.851862
5887160	2	4.062997
4448745	4	3.557224
7793425	11	5.991043
5465879	15	6.200128
363937	10	5.970743
4555209	5	4.354247
4633600	16	5.069218
8032894	12	5.234858
644127	12	3.209626
2969711	10	5.866285
4304389	4	5.268675
3831779	10	6.547241
2511204	12	4.986030
3685435	3	6.580994
9644798	8	5.592980
8154276	4	3.909261
5922796	2	4.073905
3371532	4	4.819716
3512228	8	4.947504
1453012	5	3.333746
8400868	13	3.506768
3672010	5	3.351811
7466808	6	4.811833
8067070	2	4.492945
652092	12	4.985207
3609437	6	4.794218
1999057	13	6.108648
1530727	0	6.483673
3071304	9	3.781720
2177747	15	4.809023
5536280	14	4.923908
11392	12	4.180503
2677550	3	5.595920
3945264	6	7.017666
482791	9	4.203486
2103124	12	6.965823
9616925	15	3.439892
7831920	4	3.724882
3010702	11	6.990674
7321758	12	3.822166
6893931	12	6.384970
8738400	5	5.477264
804004	5	3.698740
5224338	6	6.431792
51185	0	4.270611
6641825	3	5.992738
6661419	4	4.475260
1782622	13	7.036780
1380354	10	6.502181
6363393	14	4.112960
7940609	1	4.627361
7885300	5	6.714028
5769605	0	6.747269
8125547	10	6.645081
2826258	9	7.045463
4025541	13	5.832968
7170063	10	4.431425
3449357	10	4.256672
5738010	9	6.700226
7540573	5	4.806097
7647440	1	4.216170
9933811	15	3.444930
295207	6	5.044624
3059691	9	5.929763
5689280	2	6.962944
6049632	14	4.001104
6469306	2	4.853166
8287632	5	3.966065
4468256	7	4.144817
4674949	1	5.577316
3232493	8	5.929148
6497336	4	3.238207
9673637	2	6.856903
8732938	1	6.812946
8926869	4	3.442574
9001286	2	5.393906
3608683	14	4.267871
7199457	8	5.753868
280029	5	4.201084
9700389	8	6.991394
4578513	1	5.184116
5404651	7	5.645713
8229120	0	5.795633
7459164	15	3.336725
6878290	3	6.965100
2339080	8	6.927952
4876534	16	6.125189
8095461	4	6.589852
850646	5	6.301858
44125	3	4.080695
3496978	12	5.709274
62950	6	5.139217
7408421	11	4.218632
5816679	7	5.355874
4818830	8	6.271773
5789253	5	5.749349
5240746	6	4.700118
203653	15	5.773024
5211021	13	6.206485
2810288	9	3.659905
493844	8	3.167083
1420859	15	6.144053
5902242	7	4.727570
6044459	1	6.708403
439320	7	5.482483
2229993	11	6.277189
4041922	8	4.594418
9421024	13	3.968582
8295106	4	5.520647
8131335	6	4.191608
7826929	13	5.935854
1098041	3	3.596357
6435670	3	3.503560
8801568	10	4.804038
6812705	11	4.926694
7698747	16	6.835076
4113693	6	6.867041
7365719	10	6.560400
2401121	15	5.524069
6342531	12	3.945347
401679	4	5.434560
3320569	7	3.873905
1813605	1	4.028247
6780122	9	5.002066
9847633	14	5.613027
5482475	2	4.649441
5901580	15	6.198524
6767227	13	5.146626
3139266	14	3.604212
7895491	2	4.327755
5635849	2	4.801044
4828330	5	4.449005
6855946	10	4.045247
9986587	0	3.325302
8059399	6	7.046642
8689078	2	4.778714
631318	12	6.170804
7143767	14	5.122225
1515077	16	4.599284
5991341	13	3.911935
1981027	11	3.268025
3850821	12	5.092964
3488028	13	7.080837
3390000	5	6.769655
9458522	8	4.830379
8455918	5	4.351300
8082892	3	4.822423
3016554	16	5.524342
6666421	7	3.384227
9940986	13	4.644464
7423653	11	4.549027
50550	0	5.438590
1294176	13	6.676433
947061	11	3.320233
204352	8	6.591797
1556421	11	5.871963
6762894	6	4.984419
7720689	16	7.027331
5816372	13	4.801030
6337781	13	4.230218
5989723	6	5.264854
2376032	11	4.845298
1296948	12	6.918139
811976	12	4.066514
4104147	7	6.922160
9914994	9	4.243324
2686321	16	5.105946
3926049	6	4.685160
5540140	9	3.471758
7248378	10	5.987837
7736673	16	4.580647
1563491	1	5.114679
6555431	12	6.129100
6635218	7	6.179623
213345	16	3.370673
9001175	0	6.587985
1387413	15	3.833049
1448949	13	3.190707
3744090	4	4.730517
8091673	12	3.978419
4073137	16	3.805223
668495	1	3.378885
5358015	16	6.916247
8459191	6	4.085106
2803338	16	3.606838
5880685	5	3.754814
7731214	10	5.599728
6938914	1	7.131569
2795524	3	3.854880
747403	12	5.314235
1890868	11	6.356070
3272524	7	4.413290
2102215	6	4.438370
8783474	16	6.574138
3789712	14	4.166805
5391044	4	4.845686
7451964	8	4.557368
8496436	14	5.376429
6189151	15	6.373405
6760847	16	3.984223
6815566	10	3.224941
4348027	15	4.122521
6583087	13	6.267167
7541304	9	4.505519
73624	14	5.176950
3749462	11	3.950604
4476467	12	4.573299
5223445	0	4.155937
8252315	10	6.856634
5800025	8	6.715543
3363551	1	6.282549
8405854	15	6.691073
5206708	4	4.952818
7834517	16	6.038608
2100480	12	6.088857
7635704	7	4.348890
938003	1	6.985241
6646484	1	5.951713
3981551	0	3.813206
5674454	7	5.405388
1357944	1	6.326614
9074116	1	5.699338
3592265	13	7.016260
356902	16	4.315505
7769258	2	5.487258
139107	1	4.701739
337220	11	5.842161
810131	15	4.409771
3349294	11	4.084764
4862810	2	5.918431
959524	13	6.007358
5239530	3	4.166575
7332149	11	3.562944
4676244	1	4.002496
6961332	16	5.919726
3458083	4	3.683745
1627045	3	4.531079
8703121	9	5.389086
6712572	12	4.195249
3918530	2	3.810791
2147715	15	6.694925
1400518	7	3.971662
9653356	8	3.705441
6392523	11	4.649329
2483877	14	6.703935
1728685	5	3.798176
153613	16	5.677887
3842030	14	6.240481
7532714	7	4.741283
6673773	2	5.528334
6727156	15	4.322430
7591159	10	5.937619
5208393	10	4.221314
3194251	0	3.938163
3034623	0	4.199433
307219	6	3.736711
6378628	12	6.724253
7247743	5	5.011505
8747144	5	5.138350
4627415	9	5.469623
8840093	16	5.423889
9564264	8	3.370406
610672	14	4.467177
4718303	16	3.414677
7570964	9	5.163566
4406695	8	6.055056
951981	10	5.472498
5189350	4	3.908290
3614146	1	4.334922
7645959	9	5.872267
5948631	7	3.720998
8777858	6	6.071925
5240505	8	4.997641
6758813	12	5.032314
3939227	5	4.364912
2087967	10	3.767826
3264657	3	4.112129
3651671	0	3.602921
2257608	8	5.196396
4495580	3	4.521087
5509782	7	4.741839
9752622	11	7.127291
3202063	16	7.019750
1874157	4	6.993375
208382	13	5.702845
6587428	4	6.577629
6277810	10	4.016853
1916149	4	4.096030
6278297	8	6.479672
3613783	8	5.255814
6316183	10	3.224782
1235428	13	4.524577
6059643	9	6.016946
8286365	13	6.031004
3251225	1	3.350094
4145581	5	3.329262
5444189	5	4.185822
7444379	7	4.070228
9940158	7	4.324863
3371404	5	5.779591
1109515	10	5.847945
2330580	4	5.318311
719167	14	6.235876
4078464	14	4.740766
373870	9	5.584609
8549272	1	4.472722
1788387	6	4.482896
4956530	3	5.643261
1813882	6	6.955536
5423308	14	5.022033
3736291	6	4.918271
2243829	3	6.563117
8247354	11	5.463070
5586419	0	5.612747
1085171	13	3.429980
6614829	0	3.825802
8028918	5	5.496171
9058201	8	5.843060
2861338	3	4.658619
2206483	8	3.918209
1034023	9	5.004366
6495170	7	3.144771
2312840	4	4.300001
8465123	13	5.936146
3333708	0	4.587514
5250033	0	4.429613
485191	6	4.649935
4481966	1	5.185216
7970122	3	5.464003
9899643	11	4.645623
8065740	15	7.108442
8526347	12	4.879496
1775952	15	6.076613
9271053	7	5.984298
368353	6	6.817919
8009423	12	4.813018
1487704	12	4.600602
5754215	13	5.927782
5968537	16	6.426335
8160169	14	5.409031
3392822	6	6.327405
4907600	9	6.582660
1704229	6	3.242329
9284618	1	5.834557
7161285	6	4.471324
9260097	15	6.848733
84980	9	6.838488
3402026	8	4.900953
9491513	10	4.407116
2800237	14	4.866660
1820292	6	5.691098
317374	16	6.641492
2369588	8	4.629233
9229225	6	6.340804
3887065	13	6.185776
4217369	13	3.685117
6916799	5	6.758471
5839589	7	5.978973
4146093	1	6.839757
1142102	2	3.900309
3112853	10	4.095341
4489171	1	5.074457
3197349	16	4.407661
7352669	1	5.345144
5055924	3	6.992981
3678332	8	6.459933
6729393	14	3.904177
325120	15	3.339488
3399338	14	6.053624
4756465	10	5.789472
6535149	10	6.221758
2158370	2	3.930642
3465556	6	6.421429
9166448	9	5.953431
6128285	11	7.033063
5037995	10	4.804949
8086603	4	3.676466
3950402	10	4.593170
3512573	8	3.778064
1994700	12	5.350329
7617486	7	4.192970
6195033	13	5.901873
124092	8	5.577982
4180727	0	7.072721
9691464	3	6.054441
9026274	13	4.876354
6244823	6	4.578182
3992257	14	7.120976
6810862	1	4.481715
4403679	13	3.177362
8347690	0	5.599391
693291	3	5.912643
2089441	7	5.275276
4346462	2	7.105133
5491845	7	6.468107
2946220	3	5.141827
5430130	10	7.006301
6046442	13	5.418140
6382017	8	6.509508
2448291	15	5.988932
1082025	8	6.219109
9198719	9	3.738920
5482096	16	5.333221
3039787	14	5.982343
689532	9	4.466965
1861216	2	3.910154
4280978	1	5.270567
4407736	3	5.756801
2141027	14	4.923781
4780282	15	6.521180
3347491	10	5.747158
7344430	5	4.473376
1315658	8	4.721023
3669828	0	5.019628
2757224	13	7.079898
6798746	1	3.516230
4169482	6	5.752527
2846406	0	3.182829
3841631	1	3.416518
5691946	6	3.595662
5167755	2	5.680732
4991261	2	3.566847
3301399	5	7.113879
2815938	16	6.808600
821525	10	6.387920
6424741	3	6.764047
3391981	9	4.049896
5510728	10	6.401025
3364835	1	4.920163
3517306	5	5.221781
4664726	9	5.185757
1075311	4	3.693339
199578	14	5.810161
4146119	12	5.922858
977188	4	5.249382
5763942	7	3.800258
5125515	4	5.295730
3620909	5	3.984872
6022081	9	6.159395
7492446	1	6.504047
930239	15	7.094149
6841612	13	5.241065
1163687	5	4.139160
6641103	14	5.478585
1542650	13	4.406075
445574	11	4.545913
7773456	6	5.144941
340060	5	4.272572
2818440	5	5.461448
5315403	3	6.604712
8205201	6	3.641604
3147672	2	3.188044
8356315	13	3.876245
4178758	14	7.037342
971005	16	5.097533
7368507	0	4.922372
4047608	4	4.790025
3882183	14	3.678734
6267345	8	4.458884
2114347	12	4.266739
664691	13	6.198838
5890749	15	3.542248
351699	14	5.892233
9655006	15	5.456708
1211450	4	3.611907
1028884	10	6.824313
1864179	4	5.225785
3906872	7	6.530491
3727893	9	7.092487
2831911	16	5.154147
9835864	5	4.431060
5272765	16	3.549925
4962348	14	4.832149
9593340	10	4.304327
3153458	5	3.551933
2030538	9	4.753819
3605754	1	3.714874
5480091	9	3.376871
2676508	0	7.028939
6099540	4	6.289385
9882231	12	4.376767
6270410	7	5.668720
5993994	7	6.179291
9333496	9	6.938586
6999742	7	3.606898
123680	3	5.266624
1506511	1	4.734544
7309702	14	3.259811
5699733	15	3.620493
7521816	0	3.280211
8962083	2	3.544582
2297183	6	3.894401
3180996	15	6.750932
8724125	15	4.086293
1272449	15	5.081790
1244073	11	6.522617
9883723	8	5.785238
219717	9	4.944939
2072507	2	6.100848
5861926	7	4.061153
7948056	13	7.012835
1627210	2	6.408871
5930604	1	4.048287
7432443	9	3.958450
9308284	11	5.025909
1937131	3	5.114982
9800312	13	6.191392
2752242	0	4.638158
279227	11	4.930652
7379265	14	5.002359
2145963	5	5.032503
4593463	1	4.951490
3626988	1	3.282186
4158423	2	4.997885
8802563	3	5.456126
9162283	10	3.147872
3704174	3	5.285399
1720578	3	6.960312
3734744	8	4.853374
3421655	7	6.107372
2028015	16	5.951231
5908230	3	5.062699
4713857	7	6.928719
4738350	4	3.618287
6762951	8	3.967663
4389118	6	4.127691
5623373	7	4.740256
5085458	4	6.926835
9314514	6	5.470930
8619728	2	7.078342
4751432	16	3.921279
3024792	8	4.524131
8334186	11	4.090740
9253367	2	4.736066
9661420	12	5.899530
518269	11	4.620414
8039148	11	3.424859
8009239	6	6.166870
1686077	7	3.918466
6216726	13	5.167984
8125246	12	6.878867
1448776	5	6.969074
3974402	10	4.227296
3925081	1	6.337888
4299062	12	7.037693
3847090	5	6.009098
8094231	13	5.661562
3257183	2	4.451291
2908830	0	6.293464
1976234	8	3.551699
1879744	0	3.380518
2631316	0	6.036962
1252531	12	6.464460
66026	10	4.619279
7061481	13	7.139952
2517011	12	3.594555
8923506	2	4.177678
9825633	1	6.025376
444996	11	5.748059
731845	5	4.332009
8684479	0	4.128698
9747913	8	6.421617
7564908	15	5.615762
8158484	15	4.199493
2478278	4	4.261857
9032398	14	5.931165
8433288	7	6.451242
390766	2	4.979858
5928609	13	4.914876
4816129	14	7.028031
5243966	5	6.349963
8342014	8	4.134606
3645547	9	5.763466
2905812	12	6.214751
5316455	1	4.912628
5562211	9	4.712622
9578689	2	3.937408
2444051	7	6.473347
9247001	14	3.491636
2343134	9	4.087988
2849538	11	5.160333
1611546	7	5.079553
7173904	2	5.387056
6789584	4	3.516973
1210098	15	3.504293
9748974	13	6.690075
4118093	12	3.804120
264124	13	4.787268
63786	15	5.253872
1090264	16	6.448904
2969559	11	3.199046
5537528	3	5.602714
1142925	2	5.887120
9981911	15	6.675110
4307557	1	4.741537
4186492	4	5.344925
7792772	6	5.080470
678535	6	5.250935
2017524	14	5.993638
5811644	5	7.103042
5980783	14	4.374022
8139854	9	5.201126
1957953	0	6.555970
8148695	5	5.761012
1001653	1	5.025840
1645942	1	3.375737
1550840	6	4.783509
9516012	1	3.406228
3983291	9	5.423237
7797804	3	3.685700
9707861	8	6.381579
1588185	2	6.336937
1328341	5	5.723218
9060758	8	5.274187
5036162	1	5.402248
6329555	8	5.744807
2635222	15	3.999168
7263762	0	5.873938
6453444	9	4.112938
1524858	8	6.531300
1429831	3	6.282928
4616405	4	4.414255
6973330	13	3.569160
376104	0	4.214565
1056103	11	5.706998
7300743	2	6.559442
2441402	4	5.746965
4266607	3	5.851032
4619988	1	5.500015
6346501	5	3.844652
2914143	13	5.784596
147061	11	5.480237
1771206	0	3.478277
263837	6	5.459876
2202251	15	6.808006
7493910	10	6.793405
8598695	14	5.178758
1638556	15	4.760963
6005634	14	4.040331
4987741	16	6.617812
2562678	16	5.452294
1277081	11	3.736300
418209	0	5.812119
1724542	9	4.993256
1309580	5	3.889772
2129158	0	3.752319
3095528	6	6.333208
4703002	0	5.782914
6093186	11	4.984013
3106223	7	5.662578
5851300	11	3.735019
9893218	12	4.163574
1525262	11	4.060687
7268073	8	4.220403
432957	1	4.298745
5635957	12	3.326477
2437010	5	3.354945
567167	6	3.365890
9528207	5	5.762954
9288984	0	6.211599
807892	4	4.562339
6660891	15	5.657537
7761377	3	6.625951
2463833	10	6.635073
8972069	2	4.652720
6076109	3	4.486726
7094621	6	5.707470
9298215	8	3.365900
5033080	0	3.825756
430173	1	3.624441
621181	11	6.383302
4418287	5	3.328878
3941844	9	5.148454
5272243	5	5.353875
7944612	12	5.138162
425799	6	5.512403
6461951	8	3.599276
8692620	1	5.924412
256122	13	5.981220
1699920	3	3.809729
8020468	15	6.967095
7937369	7	3.828495
2505737	15	4.973108
29680	3	4.051047
698359	0	5.465578
8961139	12	6.612892
2231809	2	3.564675
2984683	4	6.973520
2109468	7	4.265680
1573667	10	6.969702
3928598	14	4.098873
5469979	5	4.042001
9887657	15	4.124199
5295896	12	4.533473
5089460	2	3.415184
4636824	11	6.081133
846737	3	3.975086
5815911	16	6.333621
9790257	1	5.432052
7153961	16	5.601794
1055574	0	6.232081
2694370	14	4.414951
8078863	14	3.877279
4706008	4	4.260996
5761270	10	5.438285
1495455	6	5.301907
4343431	7	5.460081
2900590	7	6.465726
9785513	10	4.158798
2033788	5	6.633321
9502514	12	6.692454
3284636	13	5.584330
3969015	2	3.866583
8212940	0	4.957727
2121926	5	6.701343
4938615	14	3.222513
5250666	0	6.371075
5170841	10	6.301166
3488077	2	3.568355
8344825	9	5.805097
4281534	1	3.994584
3488012	10	3.931950
6845164	8	4.522655
2683361	12	6.913727
5268185	0	5.906203
7546128	15	6.840984
4052875	12	3.505941
367387	11	4.167744
5705512	11	3.399726
7520097	4	3.281195
7958861	10	4.032251
6076190	2	6.552822
5083589	14	4.203028
8294886	10	6.581310
4875152	16	5.838740
2182237	11	5.855908
6822812	11	5.962147
5588296	11	5.167950
5520989	13	4.413911
3170697	2	6.493560
6487922	6	6.562253
9414239	9	5.358837
1920223	7	5.965970
3875269	4	3.868309
4492951	9	4.341477
8981216	1	4.638434
9903969	1	4.048758
7990621	7	6.800372
9867987	12	5.220521
6705674	14	5.249344
8713873	1	5.051902
9595812	15	4.446722
6467602	6	6.236082
855055	10	3.804129
108395	1	6.497466
6422748	2	5.839152
7896422	9	4.485402
2055958	12	5.864385
8837243	5	3.162643
1753755	11	5.543274
411581	9	4.558356
7842745	0	4.699976
1312306	6	3.768409
4593275	16	4.585131
6426903	1	4.027598
8329247	11	5.102162
2925162	8	5.045004
989697	5	5.957168
4600046	0	6.454714
6936027	4	4.220203
6382767	7	7.140622
8061963	3	4.954515
3779354	8	6.173387
1222425	0	3.244012
3040323	5	4.869148
3705279	9	5.906938
8854245	7	3.911219
7770242	14	5.404948
2585770	7	4.812100
1014861	5	6.467070
8881420	5	5.740585
1224267	3	4.349534
6300763	7	6.405883
2283039	7	3.906530
3228091	16	6.195204
5016174	10	5.787306
9574059	15	3.482117
7109384	2	5.882484
5811288	1	6.490461
862498	5	6.479466
3885795	13	4.529914
219869	11	6.608670
3403490	1	4.343448
2141123	10	3.200353
6165247	5	4.013427
1049279	11	5.725200
8227028	9	4.710422
133219	0	5.150982
8574820	5	3.738664
8620289	9	5.460166
1165149	0	6.862923
2927715	10	3.902616
5820695	1	6.849389
7601507	4	4.864801
704150	6	7.010290
5399077	1	4.140521
6627561	16	3.556027
3116868	0	5.578724
8338303	2	3.347752
5438384	3	4.158155
5954826	16	7.124465
9071413	10	4.862346
6460827	16	5.945038
3007335	16	5.223868
5463825	2	6.375717
9955071	4	3.179716
2851089	12	6.302456
2916329	12	5.745728
486881	10	5.073775
1000611	5	4.560466
3154005	1	6.822724
8969826	12	5.577477
568653	12	5.476487
7460469	0	6.805508
3042851	2	6.915781
4932550	15	3.671738
5982117	16	5.384849
8244219	6	3.893012
5067887	12	6.096424
9344655	10	5.562113
9128064	14	4.470321
8277776	4	5.682974
145647	9	5.923734
8549141	7	3.588371
6853353	13	5.647066
7770882	1	3.238462
7148859	3	5.356803
1920104	9	4.530767
4686037	12	4.477066
755531	13	4.983739
6721575	3	4.017526
3303239	9	6.766190
3506906	16	6.363651
9058813	13	6.126766
6900809	15	3.798054
9507838	11	4.289826
6650270	0	6.679646
3530213	7	4.552159
4239691	3	6.887884
225998	16	5.985826
9888144	16	3.548366
9467385	12	6.324430
7362780	13	4.953038
5165788	4	3.780205
9452896	3	3.703408
5099816	8	4.808809
6078735	5	4.714982
9712229	4	5.350076
5838837	4	5.616877
8168262	12	4.729465
8602609	4	3.437658
9232364	13	4.251409
8077849	7	3.173756
9919637	0	5.135874
1082449	15	6.201603
6326185	6	4.440445
5621032	4	5.127561
6248482	13	4.696757
4548282	4	3.221549
5536578	5	7.068729
8756467	14	3.275364
5544615	1	4.232314
5156013	14	4.957639
9093364	12	6.773231
8202585	11	4.325649
6494886	6	3.882815
3386502	0	5.199348
725451	0	3.524129
6189674	4	6.226002
6178717	0	5.987748
1934511	12	3.263561
6978025	3	4.182069
8680	2	4.902349
8790274	15	5.331623
5287891	13	5.734659
6418323	14	6.529284
8520303	11	4.797805
188976	0	6.755938
1903995	1	3.806130
2160986	0	4.146908
4429051	10	4.311373
7630722	8	3.507166
7086137	9	4.069399
5950868	10	6.061177
1059964	15	6.168091
8828661	13	6.569861
4517377	1	4.055888
7313508	8	4.579852
8962889	14	6.277497
6693855	2	6.890410
4723098	14	5.390108
9003745	8	6.962652
6970519	10	6.452249
7062673	10	3.784348
176694	8	7.030122
5906721	10	6.256490
9836028	4	3.223869
3292816	10	5.673357
828041	6	6.071617
1516565	5	3.725859
2108033	11	5.398084
1178170	13	3.601173
9691823	8	3.259564
9431697	5	5.112315
7541083	15	5.007671
4612332	8	4.733404
1875742	15	3.399084
4777883	7	6.727560
7470507	9	4.100979
3856405	14	6.078135
6169246	12	6.719463
7582097	16	6.222001
9914691	0	4.492221
681200	7	6.531569
2683893	10	5.556731
5894388	14	3.891603
844254	10	4.402258
4263023	6	3.375332
901960	7	5.976159
2474970	7	3.230102
7488848	3	3.274380
1027702	9	6.138262
4202435	11	4.449870
7537317	8	5.012500
5043422	6	5.651515
97245	9	5.665168
9242584	9	4.537756
8239272	15	3.557700
7709707	0	4.235623
9295117	16	5.410186
2451517	6	3.303479
9575064	3	3.995053
7443099	4	5.696565
4152826	3	7.016451
1459917	11	7.071344
9985712	5	3.965651
9392738	4	6.592959
5757734	0	4.024958
492520	3	3.633453
8483633	1	3.587081
5932180	15	7.084021
3004295	2	6.468916
5635034	2	4.355852
4258341	7	6.034854
787955	14	3.240588
3743699	11	3.954706
2043099	9	5.401197
1383180	5	5.347970
1664693	16	5.453538
2369546	6	5.805976
1303736	15	3.737898
8040623	1	4.960129
1100937	11	3.752682
3454316	14	6.972055
5711881	14	4.271872
3692165	15	3.580978
4997593	2	5.224095
8334579	1	3.614977
20465	6	5.289869
273949	10	6.235571
6805712	3	6.639627
4764610	15	5.925784
7106802	13	4.770764
5865411	16	4.087711
5363783	2	4.034922
8415942	12	6.640844
1746388	14	4.153244
8308781	13	6.369120
468966	6	4.842874
5062716	16	5.317257
8472080	16	4.722940
981041	10	6.251217
4199235	10	4.182519
6003217	16	4.126719
199087	15	6.880114
8359386	0	3.687803
240761	4	3.630400
6538732	3	3.388220
2281137	2	3.661135
2330130	6	3.672949
7542280	3	5.360836
5443205	6	4.183465
8570504	11	3.359612
5315661	15	4.675375
1933929	1	4.615445
465437	6	4.205269
133944	7	4.930725
5103955	6	4.508564
5186434	7	5.465059
6211598	1	5.730940
3052328	16	5.783918
7909092	12	5.988235
6150899	15	6.881371
3866495	9	5.237679
6608684	11	6.989976
619353	13	3.695856
2542431	13	5.443459
8192225	11	5.474921
9038430	11	6.103476
8211510	9	4.084971
7840170	0	5.297399
113022	8	3.590746
880914	9	7.050687
2259653	2	7.129112
5089969	11	4.031738
3586408	7	6.220520
9749838	9	3.533414
8969587	3	4.160062
1417790	2	5.436267
5589379	2	6.577962
1888139	12	5.575393
6864669	0	4.822938
9638477	2	7.013816
8201261	6	3.584663
6512285	11	3.476193
5282423	15	3.944226
2798159	6	6.790814
8324706	9	3.403531
1869183	7	7.049313
5100338	6	5.594415
7659818	0	5.183324
9570748	5	5.474798
5206282	5	3.590129
9109550	6	6.015293
9323557	14	5.516865
5424398	4	6.276506
1418569	5	6.389572
3376966	15	3.359674
8873305	9	3.341719
6360553	16	6.331515
1754935	7	6.955854
9126865	6	3.165380
2884569	16	3.931892
4807987	2	3.644914
2359954	10	6.888460
107309	8	3.454861
483595	0	4.158927
2523496	4	6.551076
4860980	15	3.941706
9682009	2	5.527450
9914768	7	7.059374
8750171	11	4.003131
4104623	6	5.573809
1754119	12	3.241931
4949900	1	4.293820
139581	15	3.183773
7191853	10	4.730740
1079919	7	7.069044
3803754	11	3.281493
1174100	15	5.843440
6901310	8	6.606580
163246	3	5.718238
4634824	10	3.349383
3487440	9	6.231594
9212618	16	6.617806
5538561	6	6.381515
4328594	0	5.894481
9443361	12	3.774990
5408865	1	4.123619
9284947	10	3.160829
3140897	7	6.790556
2018824	10	3.593904
8487625	7	6.666157
7591329	3	3.303807
5442136	7	3.840518
4907732	5	4.539603
4683150	16	6.316338
5610200	0	5.321487
5646219	15	5.631309
7465369	16	6.846433
2354601	8	3.722278
2402525	14	4.503104
553527	14	4.177119
9595189	6	3.174441
5826707	2	3.397617
5139177	4	4.490165
5038022	1	3.961588
8184534	3	4.728624
6155505	6	7.037865
9743131	13	3.203728
650653	9	4.546273
800044	3	6.499938
9685898	4	5.194933
88261	3	4.798556
5872444	10	5.972766
3877549	13	4.065483
3941118	4	6.424633
8328111	10	4.998723
2960434	5	4.996649
7962747	7	6.399111
6145551	2	6.641778
6566435	16	7.074462
5786961	7	5.817943
4081091	13	4.765279
6131540	10	6.579108
3696673	4	4.928572
8169591	15	4.735960
795371	3	4.866085
2645359	4	5.782131
653032	2	6.532658
8581788	5	4.539637
3607089	7	5.018392
3924303	14	5.365669
3419970	3	5.082647
9537391	11	3.867307
1904661	0	4.842021
7869305	12	5.182296
9812053	9	3.335616
4620055	12	6.341614
7996359	2	5.294434
1692749	0	6.866090
4323001	16	3.594230
3836421	16	5.305239
5255580	10	4.851746
7071563	6	5.881113
4431296	8	5.001099
5240321	0	4.635414
1890880	4	5.258080
3073658	11	6.395857
9189876	9	3.306637
5852203	13	4.433795
3470719	11	4.992093
5028337	1	7.129739
858834	8	6.368456
3702689	3	5.822634
4322657	16	4.241119
3722379	10	4.434499
6996163	5	4.077692
1234952	4	5.741391
6986694	0	5.045342
78841	8	4.307362
3713007	3	5.107331
9949398	5	3.814190
4575534	15	3.767989
8049655	14	6.068823
1026725	12	5.739812
3430482	4	3.616457
4529427	12	5.520803
6755268	12	4.945587
78524	16	3.156841
5809704	1	5.086246
3683941	10	6.165350
1000436	10	5.269364
8736234	7	5.540499
6832372	13	5.197949
8831418	15	5.312200
3077773	7	6.886827
3821322	15	4.945475
7639410	10	5.914849
9956227	14	4.509480
3779752	1	6.775493
2054701	11	4.176416
6078964	5	6.978531
4037968	13	7.061745
9627231	2	6.007693
1386927	4	5.566567
7187110	15	4.825324
626923	1	3.318602
2706071	16	5.171137
2683001	6	5.120062
3446358	14	5.541685
8942802	6	5.300222
21061	13	6.117105
7287936	12	6.916034
4281611	16	3.581056
2239492	15	5.414687
9191041	4	5.981986
9808715	9	5.651390
9035703	8	5.616435
904291	16	5.808880
8068330	16	3.315409
4519888	11	5.985258
5244062	15	4.389089
616717	14	5.702640
95629	16	6.674703
6455880	9	4.411022
5487544	13	4.463276
4980604	7	3.725892
3747029	11	7.001482
9050844	7	4.462301
9070856	16	4.197803
8996227	9	5.675139
9067749	10	3.397790
7314224	9	4.672190
3461581	4	3.552052
8430309	1	5.939674
8863950	3	5.391149
8569812	11	3.232205
307877	14	3.974569
7472070	10	6.330759
2776865	9	3.573262
4947460	6	3.770992
4303920	2	4.219101
6533747	8	6.496935
7070507	11	3.870563
3706794	9	6.483353
5143860	3	3.370255
7711945	1	7.130419
9641453	5	5.766513
9305288	2	6.363935
9287873	2	5.676234
8223312	1	5.216009
846071	8	7.010227
3152162	1	4.206102
7099149	3	3.781950
8423018	12	4.401049
863806	8	7.019501
8713583	11	6.297907
9719104	1	5.547025
2043101	12	4.401119
5240394	14	3.271638
9631460	4	5.810241
8198484	14	4.249789
3699931	15	3.218834
5915171	14	4.930935
7068449	11	5.391907
4404891	5	7.030378
2161468	16	5.102848
3415401	0	5.276510
8356566	16	6.747933
4620546	0	3.186878
716903	6	5.145405
248541	14	4.024776
1697756	0	4.884560
6098281	12	4.694615
2285040	7	4.362639
7332142	8	5.369483
9130202	1	3.932564
7780474	3	6.868106
2123929	5	4.090186
2810988	6	4.538519
3977027	11	6.949124
1629025	11	4.236867
3153488	12	6.207727
8990754	1	4.215516
7514439	16	5.124529
630863	16	3.479898
9366739	2	4.266352
1262486	12	3.512814
1921634	3	7.036542
2237778	7	4.948586
6196023	13	6.950443
664499	1	6.843654
9398137	16	3.365143
2492975	4	5.839389
393814	3	5.831174
848099	6	3.163996
313566	8	5.378373
3610943	3	3.352782
6679780	12	6.809964
7700468	16	3.498343
2071304	11	5.774609
4939563	16	6.821274
8247365	12	3.825180
690917	2	4.915832
7345406	5	4.854562
2191915	8	4.557960
5297577	8	3.410595
195916	13	6.497866
8402003	2	5.551957
5788581	13	6.049859
518550	4	5.039476
6102831	4	4.160880
5022083	1	3.761956
6166267	14	5.813579
3117224	15	6.756846
866977	1	5.236730
8520154	15	6.947969
5031325	12	5.620812
594995	7	3.833737
1885398	16	3.942860
4866398	7	6.846271
9376679	15	3.454608
342226	9	3.695412
9989405	14	5.078835
1913448	8	3.963666
4920878	1	3.539141
9786332	10	7.076835
890722	13	5.441911
1756603	3	6.052623
9365260	5	4.882846
7226972	2	5.932235
6065513	3	4.035328
3016982	6	6.946457
6980551	2	4.127279
3480897	15	6.008016
4406333	8	4.689192
3687328	5	7.054321
2997821	5	6.266418
359508	4	4.011966
2914386	2	6.259378
6011012	2	6.699831
4373619	10	6.500892
2805792	6	4.213939
7035399	12	5.312630
1068334	3	6.960941
5963146	16	3.715022
5248704	12	5.876699
5452226	12	5.301639
4972391	11	3.508048
1680964	0	5.450212
1571537	5	4.207401
7138178	7	6.392255
6323413	13	6.207384
7549545	13	4.643654
2524877	16	3.375435
2622720	12	5.299055
5053634	1	4.108464
855968	16	6.913191
3566084	4	6.484669
1395336	11	6.068734
9941205	15	3.697981
8387301	2	5.495150
2753708	11	5.363003
2073898	9	6.643810
725498	1	4.908900
1030866	4	5.289627
6962165	3	3.321056
5455837	4	3.609781
5791867	15	7.005141
9652343	3	6.724185
9898130	3	5.412567
2902377	13	6.370297
2550520	2	6.365002
7790231	16	4.709118
6097079	5	4.216410
6363214	0	6.397143
4861837	7	5.378726
5256513	10	6.139996
8611096	5	6.162181
1892772	12	4.166195
8091326	13	4.853936
4327241	15	4.892661
1892833	5	5.548131
7199006	7	4.124903
430657	4	6.670718
7203079	6	6.964452
6744015	10	6.521047
1756490	16	5.910341
1209150	3	3.781152
8958512	5	6.499937
3652307	4	5.296678
6069849	5	6.512393
9388693	8	5.028260
7694229	0	5.252471
6495744	14	5.261553
9745510	14	6.661873
2308054	2	3.872096
9931549	2	4.239418
9721533	2	6.538240
2685458	4	3.460518
5842359	5	6.395315
2515527	4	5.290097
5992764	0	5.381942
9750821	8	5.373101
7047155	5	6.572295
5449683	4	5.000819
7604708	15	5.190773
5329568	1	7.077350
3554202	5	7.030741
8054112	6	3.206598
644371	3	5.424087
564022	7	5.901037
2260017	3	4.348724
552504	1	7.051740
5251247	5	4.627867
4713905	1	6.896473
1626006	16	6.406117
1819028	4	5.092613
163125	3	5.059948
5829902	1	3.934551
2498945	10	4.767550
9958332	6	4.313890
5475681	14	3.253544
4819051	7	5.932981
994368	5	5.858744
7008977	8	5.309141
3155355	8	3.416617
5460529	8	7.113762
7803346	1	5.105558
174678	2	5.177270
3731104	2	3.211674
2029460	3	4.649117
2715602	6	6.432459
3924654	15	5.470200
6868662	15	4.491835
8648517	16	6.993792
2291920	0	5.454290
3755903	13	6.596039
8706758	3	3.557514
4079707	14	6.748826
5709171	4	6.695529
6041785	0	3.597270
1867233	4	5.394674
3460528	5	3.540767
3886249	4	6.599712
7948944	0	5.544417
4087938	9	4.617742
3154517	3	6.381851
8561871	10	4.090558
1576341	6	5.103017
6760769	8	5.231305
4004909	15	4.137611
8499536	1	3.630332
5174349	8	3.615286
6995041	4	3.413859
9217320	4	3.890738
8697773	4	3.601067
3705378	12	3.715983
4727129	0	5.881981
5405506	6	6.467460
8259075	13	6.145548
2351025	16	4.851208
9416672	9	6.048358
7699310	10	4.168345
7177811	8	3.683658
1849976	12	5.651102
3254983	9	3.813587
1073086	1	3.171344
6580965	6	5.984798
7098607	8	4.417933
6478443	8	6.370056
6789148	13	6.760764
6137628	2	4.078520
3648850	7	4.648594
2822179	3	4.809772
7123324	14	4.583873
9348782	10	5.102977
5264345	16	4.348400
3918963	8	3.812495
8210915	7	3.544477
8834648	6	4.567085
9285392	13	3.891563
633001	10	3.213808
2801620	2	6.082489
3734227	5	7.002226
6023083	11	3.327875
7918565	10	6.762454
5869864	15	5.694546
8740107	3	6.196090
551116	8	5.468863
1460293	2	5.445356
8590519	4	4.051252
729475	7	6.399475
6645072	9	7.018010
6723787	0	4.120977
2127955	6	5.958772
368415	10	5.438020
1503358	3	5.730700
4568564	13	7.000308
6384189	3	3.434656
2037528	9	3.668501
8012490	1	3.494800
710799	14	3.696945
5848532	8	4.128175
3256661	6	4.687546
3229015	11	6.410445
8390983	6	6.848307
7729032	13	3.992209
6924168	13	5.170662
1052971	16	5.355822
2154830	0	4.970985
6208566	8	5.211008
5660853	15	5.021581
9185255	13	5.520019
7521229	16	5.287820
8687259	15	5.454918
4233641	10	4.714266
7606601	14	6.920295
409863	8	5.819152
1189589	1	7.135365
2312456	10	6.807850
9741634	6	5.210238
7952750	4	6.507368
6854352	3	6.611501
1793893	0	3.548790
9613943	15	4.543112
1273588	15	5.667794
1732278	10	6.601102
8533421	6	7.063053
6610527	10	5.676065
3715308	13	6.844251
3110010	5	3.276867
4406886	5	4.870573
2607656	8	4.491645
500654	13	4.152072
3704695	6	6.819692
5715063	12	5.993025
7355399	7	4.852379
2627159	12	6.126532
5313762	9	4.953216
9775595	6	7.131801
9499564	11	6.004547
9830565	4	4.529381
5905866	5	6.233080
6467970	0	5.743573
8522950	0	3.788778
3098795	15	6.771279
2863849	13	6.617588
4069749	12	3.318141
4279368	14	6.746176
5842269	12	5.722371
819695	2	5.678719
6918642	14	6.231412
8369622	6	3.692223
4776239	13	3.575940
121589	11	7.136028
3681820	12	3.549187
5851501	6	5.331727
2868149	3	4.013813
5165028	4	3.594402
6524054	14	3.347129
3868668	5	5.034982
9628589	6	6.446543
4251011	12	6.371265
3326010	16	5.149846
7478935	2	5.716111
4979080	10	6.449964
2908725	11	5.797782
1872822	7	4.031012
2593690	6	5.402643
2477678	5	5.611322
8290341	6	4.980459
8399378	7	4.969487
2628777	6	3.335488
1906708	16	6.672998
3057555	4	3.149258
4692171	8	6.698953
2532105	6	5.241921
3081595	2	3.670198
6253012	8	5.241688
8017763	4	4.970707
1178620	15	4.485281
4274578	16	6.884344
2304071	3	5.220552
1534123	14	6.210334
9897835	4	6.750288
8836020	1	5.346709
4974395	13	6.510798
7643043	0	5.124116
5352374	10	5.039338
5885966	10	4.768490
9640655	0	6.193649
5417957	7	3.207973
8707546	2	5.641830
4313240	2	3.593576
5318813	11	4.142874
1239176	5	7.090138
4924564	8	5.121212
1954784	13	6.154224
5241440	16	4.202158
476014	4	6.684486
327791	7	6.287032
4000728	8	4.217118
6502507	13	5.163379
8833472	3	5.922210
5541781	14	6.177411
9643266	15	5.864491
7692570	11	5.075388
1735610	13	5.610712
9879401	1	4.938731
3043380	2	5.554675
5842344	6	5.300299
8939996	1	3.353903
7344877	16	3.265989
3382643	4	5.264658
4153867	1	3.294962
9252718	14	5.550532
4560870	7	5.174235
3638949	12	4.474897
119560	13	5.702633
2721731	1	4.704910
7667590	13	3.199475
6126481	7	6.437322
6217794	6	3.707841
6582113	16	4.153963
6093217	14	4.576122
4946297	16	4.751147
6953836	11	3.835534
5917296	16	6.075092
156895	2	7.096087
5860408	3	6.456024
5579004	1	3.315888
6553548	2	4.332729
7458042	3	3.809996
2818644	3	6.713977
3168714	3	4.158707
8212532	16	5.254968
5769376	16	5.765148
9111524	8	4.856104
9430714	5	4.649522
1836681	15	5.756145
1116812	7	6.295093
8234103	9	6.764839
5174439	0	5.664635
8564536	12	5.055179
3836250	2	4.280157
9467708	1	5.723782
6089978	12	4.014289
8718691	16	5.740287
3064985	4	6.673319
3098826	2	6.518979
6691115	10	4.038408
4336418	13	6.883317
3627809	13	7.055605
4120396	13	6.345713
1125478	5	3.487367
2032047	15	4.448354
6756919	12	7.122977
546925	5	6.009132
439745	9	7.096729
8215246	6	3.997706
4706727	15	7.084998
4503751	4	6.571536
203882	2	6.733913
3525797	10	3.344626
2068757	0	5.263443
112558	0	4.615310
1006651	5	6.680749
6990200	14	3.853415
2759891	9	4.053398
6767727	11	4.776717
4296652	5	4.706209
7571233	14	4.676475
3074064	12	5.741669
917017	12	4.194534
787140	12	6.181489
4759385	3	5.339979
9182084	5	3.276186
2608375	12	3.279314
2950220	1	6.552591
2974417	4	5.659999
2388648	12	3.775581
7710964	9	5.742109
8521981	10	4.989119
5232581	5	4.544756
1617530	7	3.740892
5879843	15	4.856248
9941486	2	5.250552
8302266	15	6.619552
3387849	1	4.507862
5099875	10	4.962041
6928522	4	3.667352
5858570	3	6.530046
1771544	7	6.069467
9140902	12	4.945178
2216629	7	3.998692
6159491	4	6.267160
3403739	7	5.143814
124664	12	6.040870
8091132	5	4.561914
6281180	6	4.126691
4353300	9	6.406604
5414811	1	5.557623
6746514	3	5.360724
2281753	13	6.843231
1793526	0	6.826026
7881631	13	5.852173
2511332	11	4.617057
6447457	16	5.659165
1283363	16	4.796277
7861242	10	4.956908
5596516	13	6.292125
4842106	12	5.091629
7600780	13	4.122437
8953805	7	3.685486
3886353	3	5.087935
7414279	7	6.686967
5698776	13	4.545207
729930	4	4.626610
15233	9	4.257224
2050929	10	4.968604
1078306	8	5.050527
8796013	12	4.203726
4028993	13	4.801166
4959255	4	5.115544
8965331	15	6.821048
3170526	8	5.599525
603574	15	4.636729
5353701	16	7.114206
587057	0	6.938781
2245808	8	4.653326
2364536	10	6.400445
1121901	9	6.226275
8440687	11	4.661639
2085737	6	4.024829
1806021	5	3.369278
6339202	5	6.833932
8283329	5	5.991305
9211459	15	4.511901
2970899	13	4.442326
1971687	5	4.487843
9183602	16	6.179105
6087562	16	3.271875
1631666	9	4.359626
9060563	14	3.734572
6507873	3	4.885494
9084410	11	5.133757
2950932	6	5.896852
6056107	6	5.992900
7183402	11	5.138042
3554051	5	3.690391
2831224	11	3.718806
2777786	11	4.983681
9438711	12	4.267472
8034574	7	6.524072
2162203	4	5.690547
4990381	0	4.312152
370825	1	5.264566
5437027	15	4.308360
381368	11	4.929712
3328132	2	5.724324
7355665	13	6.308741
1392601	4	6.255059
2523281	7	7.108281
6833230	1	5.216552
5219724	0	4.283256
8484224	0	6.269675
353159	15	3.862232
8172746	11	3.414665
3277271	2	5.596605
5289733	7	6.191734
9813077	8	3.324737
3917050	6	4.417948
606445	12	5.712154
5457068	1	7.133714
9819344	6	3.723318
3091901	15	6.829679
3115832	12	6.413368
5038997	9	5.581298
7076388	2	5.657172
4496286	8	4.588457
1246349	0	4.943290
8207507	14	3.560543
9631053	11	5.385301
7389914	8	4.417142
7128942	5	4.023972
9190836	6	3.828433
6010874	0	6.055784
8149194	9	4.910306
7557255	13	4.999997
314085	4	5.177384
742593	4	4.199441
7686003	1	5.332779
5212416	4	6.132948
9909109	13	4.311325
3592568	9	7.088058
7487160	12	6.262175
3860487	10	4.724362
4129989	5	6.343844
3285934	0	5.436365
4232869	3	6.668608
9573430	4	5.207921
5987179	3	5.164307
1371650	14	7.019038
6080013	4	3.867074
321776	0	5.615829
710606	7	5.246754
6797438	4	4.041220
9186002	16	3.742721
8079440	10	4.120145
3535305	8	4.874119
6824365	7	5.256146
4962209	16	4.602626
8263346	12	5.001628
9708864	2	5.990563
5430844	8	5.229771
9465907	11	5.447326
2689852	12	4.261934
7989266	4	5.514183
4843312	10	3.579391
2888343	5	7.076463
7651952	4	4.670377
5122961	2	3.423920
6306848	11	6.641243
875133	15	5.747174
1742166	9	6.646075
7487410	13	5.980011
1605986	1	3.896509
3588147	7	3.855503
1377175	4	4.107338
2302059	14	5.867998
333158	12	4.283803
2163694	10	3.195436
4222466	8	3.351948
3218112	9	3.692552
356418	12	4.466969
3221487	16	4.734482
1790661	6	4.845840
4886331	7	6.800858
9101765	3	3.425278
9531372	1	4.100098
1153751	9	5.840470
683899	2	4.621822
110818	6	6.094450
5906679	5	4.073623
8338327	13	6.487260
9129574	9	7.086545
6831218	9	4.948655
9838295	9	5.206465
654188	13	6.213783
2774222	2	4.419388
7940379	8	4.962319
5409303	10	6.251301
9001282	7	6.328450
5086164	2	5.868575
6750916	15	5.416830
8094856	0	6.289747
1595019	11	3.176952
6464600	0	5.044437
5594452	3	5.689425
1643231	16	6.598605
4387604	4	4.057218
6265838	0	4.059142
8012894	3	6.098884
2758965	1	6.370270
3637059	6	4.747110
5892087	12	5.307856
739337	5	4.551370
9666229	9	4.186241
8404754	12	5.418784
9831857	1	5.134755
7903408	13	6.819818
7912556	9	6.946126
3301087	8	4.754244
1589879	4	5.002188
23963	1	5.492100
7844743	1	4.886681
4358595	1	6.484422
5457678	7	4.407714
3771503	10	3.849969
7919866	10	3.728672
2126992	6	6.227299
5436196	12	6.576430
3332326	4	7.129482
2814814	14	6.608884
38084	0	5.120931
2519693	8	3.356993
8276126	9	5.897441
4195794	9	4.865382
4076166	12	5.689627
8863290	4	3.941240
2173506	15	4.666271
6819905	9	6.383100
6725417	3	5.191898
6087255	14	3.337638
5221529	11	6.549244
984469	5	7.107195
3083557	6	3.728856
9610288	0	4.208054
6492465	15	6.513378
5752448	5	5.407837
8834581	14	5.667528
4300527	16	5.231696
1180851	4	7.024128
2399132	7	3.876904
1884649	3	6.885063
4164881	11	5.737247
5438109	11	6.213002
3387263	7	4.195768
4719577	10	6.159561
8679307	13	5.266302
7172462	13	5.752186
8499749	1	3.170191
37740	10	6.415038
9270471	1	6.829929
7085384	10	5.200819
7768720	5	3.165589
7539784	0	4.578790
1235110	16	6.940104
654689	14	4.721208
1914505	10	6.054977
7169669	1	3.592165
1916972	11	6.024692
3461774	9	6.816454
3938058	8	5.499398
82131	9	4.567011
4881065	5	4.963789
5549245	10	5.722813
7396035	10	4.964339
8039451	5	4.665338
5182805	4	5.065699
7059020	16	5.248161
2455248	3	7.046198
4474532	1	6.451992
9714229	2	3.788660
3113679	10	6.832234
1676996	0	5.110422
9445954	1	6.960762
7200202	2	4.043502
9684860	7	5.279209
5937318	13	6.004864
9651436	9	3.729674
2065326	4	5.734995
6421066	11	6.401420
2214579	9	4.605356
3279418	3	6.481571
2657548	5	5.874006
6147712	11	6.104296
9697493	4	4.353114
4734057	12	6.112916
5457292	4	6.841791
1508491	0	3.688911
2293200	7	3.572498
9070470	13	3.597120
131987	14	4.758227
2830633	15	4.083797
3663998	12	6.066440
6955401	6	5.981577
9566609	15	4.214454
858139	9	7.079246
1657666	2	5.879365
6046410	3	5.863624
7382368	10	4.389836
632648	4	5.381297
1852940	3	3.538347
5211437	6	6.867621
4689305	7	4.896548
7840351	16	5.644578
8833928	11	7.097055
3158189	5	4.005524
4893810	9	6.232469
2771284	8	4.849154
5844428	14	3.181586
9454780	4	5.786160
1286892	1	3.295185
9639672	12	4.295662
6733696	6	3.836786
9356954	6	5.635963
8797806	5	3.350458
6445886	8	3.471589
4830357	0	4.332846
5325892	13	6.293151
8013904	5	6.196711
9468953	7	5.117774
776951	5	3.721463
573734	10	5.402257
578154	0	5.082045
9970761	10	6.394888
4140385	4	3.939382
3484556	15	6.399739
4249656	9	4.651286
8018191	6	4.478487
7562931	10	3.977018
6688545	4	4.836897
377887	2	6.170018
4024178	2	6.494654
6641636	11	5.290811
1161558	0	5.260803
3638589	1	3.656897
5009391	7	3.179114
9293368	11	5.099760
2262682	1	3.522828
7640497	11	4.834518
8206415	12	4.796024
2834875	7	3.764668
3198555	12	4.202010
5234237	9	4.852010
2161506	11	4.594786
9359290	9	6.388543
7575048	8	6.188049
441955	7	4.761875
2205627	1	5.738665
2562700	14	5.047735
8725238	11	4.341440
4742294	5	3.172977
557777	10	4.236772
9690620	16	3.159648
5487020	10	6.019207
8317940	6	6.613831
7195028	3	6.864290
8160970	3	6.664511
7819152	15	5.191878
7481202	0	5.672397
1537904	14	5.192874
7054966	8	6.727709
2921153	4	4.600422
4250978	15	4.585196
8887149	13	6.988076
3028000	15	6.580610
4476157	15	6.193709
2437754	9	4.734106
8525933	2	3.886505
2482383	1	6.294582
7921872	15	5.917487
4365084	8	6.989935
3084450	13	4.266345
6612948	1	5.718027
4279746	13	6.506897
2582906	3	3.616651
8204659	5	6.332793
6914412	15	6.617234
917089	7	5.990807
425478	1	3.780733
9694686	15	6.201983
9415529	10	6.272518
2154023	13	6.364775
6924982	10	3.888855
7154603	8	3.352785
319344	14	5.496962
3372157	14	4.472438
1030070	14	4.323009
347777	4	3.991820
7421653	0	4.794863
5587205	15	5.986083
1571506	16	5.047546
7510673	10	7.038882
4896124	0	3.326063
2511115	5	6.962981
145950	16	5.596046
3244374	6	4.794750
4284761	2	6.850548
7046507	11	3.418289
8648200	8	6.621523
3523913	16	6.940733
8142091	9	6.095862
6233924	14	6.823478
7594940	0	6.648014
1256814	1	3.538736
9432950	14	4.119723
1365013	6	5.561593
4244857	11	3.602042
4465767	14	5.670193
3894203	6	5.229443
6429999	12	5.543471
8770861	3	6.187881
8828085	11	6.511738
8605285	0	5.519625
383004	11	4.135996
6652012	0	6.397538
8722126	3	5.820039
6806056	0	6.933229
697133	9	6.377370
6242611	16	5.185723
7412316	15	5.978520
5857451	2	3.873927
2542954	5	5.347285
4955660	13	6.389452
758067	16	6.223972
6332417	16	6.268233
9452383	13	3.972327
3304546	5	6.756707
6899253	6	3.874144
4035692	5	4.766040
6590792	9	5.638883
8580871	12	4.776614
4639297	5	4.717649
9905362	0	4.230811
4249586	10	5.246037
8029107	10	6.943256
3633975	3	3.335650
951476	12	5.015590
8280145	9	5.015875
4429416	8	3.932849
3126058	16	3.649635
2496047	14	6.601642
4724970	9	6.112199
5403964	4	5.053520
1256997	5	4.178057
1024693	8	3.485756
3514576	7	4.403203
261052	12	4.495523
331101	5	3.486700
6271767	15	3.682995
9004247	9	3.643980
8013396	13	4.255986
8427910	16	6.370699
1803679	9	5.256076
4554597	4	4.976100
3555327	6	4.268459
9915117	15	6.958071
5291174	10	5.531028
193709	15	4.325768
1273479	3	6.413505
3753574	11	4.455605
7176406	8	5.452375
9159131	11	5.742525
5147520	14	4.290371
912732	2	4.778204
9548601	1	4.540456
8855710	3	4.010374
6415738	5	3.564640
5908289	12	6.727660
8172057	9	5.626363
6298648	4	5.928914
2595651	3	3.756890
2608633	8	6.587913
5535244	1	4.891243
3083757	11	3.148807
9181874	11	4.052101
4219189	10	6.983894
5002302	4	4.426261
9073547	12	3.542319
8116095	1	4.728917
1165944	13	6.766114
6145035	1	5.207602
5539106	14	4.139747
2954527	3	6.299447
881590	6	4.918766
5575168	0	5.770895
1215911	15	4.819956
5609962	5	6.575478
6266379	0	4.435148
1768054	15	5.026853
4835318	3	5.753548
8369780	11	6.595733
704930	1	7.049777
1878230	12	4.361899
3027863	10	4.391932
2605198	6	3.649042
5285219	1	7.046853
698545	16	4.725297
8488125	9	4.058946
3892617	4	6.437118
1065779	14	6.249757
9311348	16	5.048590
4897297	7	6.790153
2906091	3	6.788695
2467751	3	3.150437
1574612	9	4.604518
9079076	8	4.635485
3323775	11	5.822445
238527	14	3.925685
9313524	12	6.583008
4621344	6	6.379167
987828	3	4.066545
1487938	6	5.962322
4420334	6	5.636623
4795353	8	6.863357
8896937	0	6.139114
6989396	4	6.852863
8280061	13	4.742326
601189	5	4.934097
9019644	4	5.331024
67645	3	6.605953
7590577	0	4.679353
9615218	3	5.619931
2754349	16	3.677077
325363	9	5.648381
171212	2	3.866231
8919509	4	6.213911
3752759	10	6.279925
2111769	8	4.608666
7815966	4	5.752595
3317065	16	5.704509
5985249	5	5.290457
2883329	5	7.062193
8502870	7	5.654764
8132999	3	5.280429
7629652	8	5.491410
8625580	2	4.029005
2234747	16	4.537720
1411304	6	4.174777
2660039	8	4.241205
3390920	12	5.007839
2043317	11	5.795242
2737445	9	6.805363
8510640	10	4.430314
8766547	5	5.349379
3777038	6	6.568440
4275277	4	6.305463
9915646	11	4.191972
3755597	4	6.572397
2893626	6	6.150955
895758	15	3.928847
9556769	11	5.500537
3140908	2	6.052397
7962400	15	4.762496
1000330	7	4.909252
9793042	8	5.580381
7236818	13	6.913115
1995341	12	6.614080
782320	4	4.845929
1776158	15	7.023260
5696039	4	5.897778
711002	8	3.954247
397404	8	5.990212
7536493	4	4.169808
1366894	14	7.135917
5800918	2	6.673020
1637490	0	6.814851
3688623	3	3.824975
1743191	6	3.173522
9531739	12	4.158924
9342558	8	4.937370
6870462	2	5.119928
3516496	14	6.622413
3856070	1	4.626872
8857717	3	4.282675
7910054	0	3.983454
7560032	3	5.727242
2067172	14	3.906864
5967459	15	6.529142
2061824	9	4.076066
5279076	15	6.556364
5945025	4	6.694401
3007415	15	5.781467
6373210	13	6.488200
7143900	6	6.173167
1832454	1	6.519928
3110130	10	4.486652
8539209	11	3.211812
4891566	16	3.803277
2371968	9	5.773228
7102210	8	3.305589
6508169	12	5.935570
839171	1	7.074768
5996863	0	6.245695
9612214	9	6.204623
6008891	12	5.864220
439344	4	4.079299
6598422	14	7.101795
7037159	5	5.667937
919877	5	6.671549
6867783	4	3.669296
852544	11	5.999621
6199147	11	3.298842
7408822	6	3.617687
8081161	4	5.620346
7064545	1	3.868879
4708864	14	5.197633
1502152	5	3.895625
151852	7	4.630841
2152877	4	6.908221
4475055	13	6.697871
3574080	14	5.238407
1806498	4	3.172255
831430	11	6.750258
7282035	13	6.679761
2901502	14	4.046882
682960	3	7.088179
1936651	7	4.353563
1875927	5	4.649207
1509489	4	5.469570
998688	7	5.678149
9474806	4	3.398105
1355374	2	5.166458
2411475	3	5.516007
7132938	5	6.052364
8378468	1	4.893064
1873285	1	3.935654
1696996	16	6.151863
615202	14	3.202406
274342	10	7.060140
4672526	2	5.512711
564978	15	4.047730
6742755	7	5.672802
4232979	6	4.780164
1897814	15	4.035107
1857188	7	6.905344
2613230	0	5.442941
2366992	0	3.891796
2928339	0	5.787728
8637225	2	5.223742
3234108	7	3.855562
4702666	4	4.791450
619188	8	4.029725
8477144	4	3.401363
7702943	3	5.678944
7319319	2	6.233334
2986278	5	5.175945
2592083	0	5.340472
845764	1	4.021862
8326442	12	5.565220
9059680	12	5.683029
6463009	16	4.642188
3616874	7	4.484008
7787818	12	5.030122
3491438	6	6.338252
3586803	1	4.898353
413261	11	6.409765
3398622	0	6.201887
1243082	13	4.278931
4526969	4	3.870799
2148377	3	3.690121
9654165	13	3.808959
3005627	13	3.451642
1616174	0	6.394436
7664400	5	6.531155
732828	10	5.751846
8955758	16	4.687280
1365646	2	5.938633
6842311	0	6.105693
3696488	3	3.445297
3709741	4	6.262888
603980	15	4.285243
1442793	11	4.532332
4075406	9	4.522442
126080	7	3.436105
9154293	5	4.147131
1284776	7	4.930249
4079615	14	4.846697
9283411	13	6.659376
9762671	0	3.808477
7360556	15	5.002124
3546391	11	4.645125
7995119	2	4.728635
6357762	12	3.408428
3189361	1	4.938232
8799959	10	6.237046
2490912	3	3.155010
387288	14	5.819283
9836846	9	6.687727
3859942	7	5.649196
3687604	5	3.836284
2374284	6	4.516042
4504298	9	5.937961
9542169	15	3.903224
9988578	7	3.287023
2684118	2	6.303826
6092394	9	6.577776
7350550	4	6.608836
3215946	8	7.112394
7403918	5	4.908352
5102469	7	3.377674
1342460	6	3.999536
9191803	11	6.602790
695478	1	5.087223
6554083	0	3.462914
185676	14	3.714189
8154566	6	3.435447
2112919	8	3.683772
5299079	13	5.135229
9548827	12	6.888879
5724353	4	6.971302
2531424	4	6.255568
6246952	14	6.108349
1193694	3	4.221924
858567	1	5.917743
8604193	6	3.444349
6508314	12	6.818200
2394346	4	5.396350
5384386	0	5.736740
3706547	0	3.669803
5157492	11	3.353338
767335	13	4.625001
7077023	8	4.438545
2813939	2	4.589137
1283887	15	6.063525
692781	9	6.799040
3803485	8	3.176123
2463531	2	6.411748
991275	6	5.696689
764136	15	4.982101
9888732	9	4.637282
3731122	6	3.684014
6481081	8	3.958427
5164966	11	6.200694
7511458	9	6.444749
7359717	15	3.419047
7225049	1	5.084527
7765683	0	5.698899
5310649	2	4.055308
6145944	7	4.167763
8738350	1	5.644793
6576306	4	6.639262
5415561	3	7.140614
6445987	16	4.016140
6059222	3	6.157413
9267348	0	3.216233
4480679	16	6.784000
1435428	10	3.494970
1726336	7	4.767011
3973531	11	6.449496
7908916	14	7.109023
8710950	15	4.023330
5743956	13	6.665812
9417936	16	6.522694
4958367	16	5.943607
3304913	1	6.396865
6293762	2	5.148937
9344750	12	5.371747
8834815	15	3.425869
1122052	9	3.899952
9344002	10	5.205113
4433902	14	6.491871
9041114	16	3.495720
553430	8	4.331605
6940632	11	3.906928
1513856	8	3.632826
7031485	16	4.487762
6652430	14	6.513794
6654588	1	3.855009
3652987	13	3.162468
301784	7	4.867544
6741398	7	5.587006
5598777	15	5.403490
6132664	4	3.572499
6618515	14	3.358421
4326515	12	4.204190
5904579	10	6.197978
8108908	0	4.485279
3720960	5	6.161951
8127794	15	5.028302
1592712	11	5.837808
1683005	13	4.018494
3324928	2	4.130247
3733685	1	5.317736
3440555	15	3.949040
2952304	7	3.873449
420410	3	3.604176
4776827	2	4.008804
8221928	3	5.520256
7084727	12	3.424154
6050066	5	3.304260
4599868	0	4.059456
9769085	6	3.331724
8127196	11	4.649429
9366205	6	6.137636
5537546	1	5.135879
1131667	4	6.897959
7571710	9	3.918770
1606226	11	5.002145
2715215	9	6.281679
4171759	8	5.800099
6974655	10	4.188444
9985312	8	5.699553
3430079	16	4.124426
8912902	6	4.359108
4528160	7	6.707233
4468371	16	5.998300
9308020	7	3.175826
6634978	5	5.901466
753134	9	4.879448
3901990	10	4.369964
4332823	2	4.835804
3377462	4	5.806297
7991267	16	5.080899
1130731	12	4.811082
9708427	4	5.916893
2987924	4	3.921049
4709957	11	6.049685
7643649	15	3.639196
6069422	13	5.385012
5042349	4	3.864685
2991772	0	6.295606
2595947	3	3.608900
6309368	9	3.946410
3494162	0	6.641724
157899	7	6.423973
2691628	4	5.172888
1080705	13	4.338591
7516205	4	7.067232
7380994	13	5.294790
5133551	13	4.175235
8271862	11	5.113232
7765641	3	5.116069
7528210	4	4.018627
9245102	8	4.714387
7406896	5	3.902564
2221730	15	4.856642
3817290	14	5.722419
9440203	7	4.816514
6166055	7	3.646200
5184063	11	4.810342
5535128	15	4.125322
6465780	1	4.536500
4791229	3	5.680075
9224469	3	3.541300
5757819	8	4.701122
2069758	1	6.064415
8555541	6	6.828769
3243378	2	5.641334
885073	10	5.611756
2284225	7	5.264409
9811263	7	5.514189
7968159	12	7.124219
2251953	0	3.783532
3488922	16	6.731590
5809210	2	6.892863
7772350	5	6.960705
9758113	10	7.049090
8513532	11	5.827656
3041876	9	6.041984
5359756	10	5.999490
5671927	13	3.213066
5142798	11	3.773141
6976842	14	4.742419
7060929	5	4.364182
9259959	0	6.938127
424293	7	4.262168
3030287	1	6.532740
2808087	0	6.918211
4752879	9	6.747479
7828437	2	3.400166
3993653	13	6.067629
9802075	4	4.774768
1221176	1	5.399808
2198298	14	4.052040
4192629	14	4.711223
8251974	2	6.011435
1387118	4	5.561622
663306	7	6.056155
919853	10	3.259169
6329964	7	4.413147
8214475	15	7.018943
661599	14	3.775003
593263	12	3.780149
1747372	5	5.723812
4519714	10	5.941815
822399	14	4.739771
8271969	10	5.085783
5522369	11	3.720684
3699835	2	5.105930
9025477	10	6.336711
8795264	10	5.354231
4930696	4	6.824698
1843426	13	6.323525
2873491	14	6.490526
6668361	5	5.328832
6055999	7	5.261107
743159	0	5.542970
2037020	14	6.848473
5480157	3	3.302745
3927226	0	3.160324
2553697	4	4.698997
4207397	8	6.057325
1842316	9	3.171219
1792314	13	6.534576
2303666	6	4.599794
4126078	14	7.056867
3530966	13	7.127310
4920196	12	6.994302
9149244	5	4.352419
764015	5	6.209026
4711468	14	4.389410
2849705	14	4.397017
7920715	15	5.752958
2562036	0	4.488838
8710204	11	3.742709
4955174	15	7.088228
2625408	7	6.172550
9906533	0	3.970759
4361856	4	4.435697
155420	15	4.732322
9430472	16	5.828596
7271577	13	4.254775
4027092	15	7.082743
639637	3	3.495843
5859655	3	4.057989
4390607	7	6.245481
7736762	13	3.468007
8474158	7	4.171933
9192138	9	5.175951
5542865	5	4.318514
8333866	8	3.404625
8633628	12	6.684940
6871160	8	5.920739
8735248	1	3.780016
4992623	1	4.248680
8866485	6	4.501856
9774711	7	5.728279
3779727	9	4.024926
2678374	9	3.349335
8242609	9	5.440777
7544897	11	4.455790
7178672	4	4.556130
1110319	2	3.377662
6382463	8	4.542339
4047127	3	4.843877
4726759	1	4.444888
9282070	9	6.289549
233646	6	6.144514
2713142	1	4.737515
8098835	12	6.037725
9560505	1	3.261377
4050376	9	5.532513
5428815	4	6.425746
5802906	10	5.887075
6136979	0	6.939774
9948155	9	6.495523
3336856	14	4.358288
8894105	1	6.940301
4211125	1	4.434273
1126976	10	6.347543
5482234	2	3.463406
4001653	3	4.247821
1913276	2	5.119441
3238407	16	4.851404
3287909	0	5.812061
9050925	1	4.208347
9119936	2	6.037684
2075376	6	3.163593
5963271	4	5.491373
8257718	1	6.444081
5453374	14	6.954972
5605650	1	4.727532
8508928	1	5.085984
6943288	10	7.084621
8516632	10	6.022189
2656836	15	4.984931
8428606	1	6.529120
6731410	0	3.198865
6984257	1	6.292507
5539537	8	3.688766
4677964	0	6.425801
2280410	7	4.925883
6283192	3	3.299909
7956908	8	5.741586
14541	5	4.096733
6438295	4	6.230913
1156143	11	3.668704
9968180	11	6.617100
2699532	9	4.580834
9714631	14	4.496470
6814492	0	3.433987
1215593	15	3.676884
4244130	5	7.008120
1107301	7	5.872319
5849274	13	4.343879
6962272	10	3.859303
1158475	12	6.659838
3107094	15	4.571238
7255618	3	6.123474
140386	15	6.668590
2898297	11	3.437230
2823775	12	6.371119
2848949	13	3.371842
86679	7	6.645150
2573772	8	5.290874
3420878	1	3.893080
123443	8	5.754969
8531518	12	3.150734
5996928	14	6.151618
3620225	4	6.363570
747612	5	5.001265
1845580	15	4.916452
4490180	10	6.127085
1706672	13	7.119182
3002466	4	4.366040
2044593	10	4.898080
346846	3	7.069912
1486189	5	6.989073
9788491	15	6.757237
260557	6	4.319278
749916	0	3.903474
3649723	8	6.203976
757898	2	3.428174
4178594	0	6.477128
4649789	0	6.214166
7498608	3	5.364222
9521176	1	7.036900
895984	12	3.612930
4835585	4	3.386873
2685373	12	6.311991
6484318	7	3.269188
587965	14	5.546053
1371080	4	4.789497
2100381	9	5.648132
2184543	14	4.969915
6713855	15	3.313716
7209402	5	4.142957
3528386	7	6.996417
7537856	9	5.338724
4957209	1	6.071089
763038	3	6.191496
5056953	7	5.767844
9929747	4	5.498834
8774429	12	5.908713
9381401	0	5.498788
794665	2	6.241167
9184344	10	6.085128
2669422	10	6.921657
299867	11	3.174148
2456328	15	5.718643
8737874	2	4.696788
6661751	16	3.988076
1420055	3	6.458716
4802076	7	4.469161
3020011	4	7.139326
8317419	13	6.731022
2397009	0	4.231189
43844	11	3.518714
4744	14	3.541000
6654941	6	3.564705
5114010	2	5.879372
5527314	4	4.541753
1349927	14	3.947791
9319737	10	3.219070
606014	10	3.231542
805828	7	5.817600
9171091	12	4.197739
5232064	15	3.635428
4610240	13	6.265555
8941413	12	6.473150
1208712	3	6.115421
1628750	0	6.875279
1448470	3	5.816859
6144352	14	6.402938
4745065	0	5.695943
3769910	15	4.169827
997830	3	6.838726
9701927	5	7.078474
9856866	1	4.229890
2211981	9	6.219733
1605564	6	4.917971
9754634	9	6.563364
5363419	10	3.320074
8936525	5	6.373124
2793195	16	3.787223
2382695	2	5.480910
1890139	2	4.719669
5731748	11	5.896336
4495	1	4.073950
1627708	11	6.743535
6373837	8	4.009792
8941640	4	3.312218
3126097	13	3.262951
5771262	1	6.143096
4556215	0	3.746835
7969302	13	5.128233
4553806	16	6.907513
5980507	14	3.487392
4001664	2	6.292463
1510874	15	3.390873
8653598	15	6.951338
1263013	12	4.656154
1127952	12	5.825815
9570436	8	6.606718
2236751	10	6.213190
900423	9	3.263631
2782299	12	3.636849
9273709	0	5.746016
6171012	2	5.709827
5664704	5	5.751908
9168131	11	4.833061
9551686	7	5.372113
3922167	14	5.516889
2211319	2	3.788428
170964	0	6.529745
8478871	6	5.747583
5038031	7	5.672698
3662218	14	3.390241
8358223	10	6.041494
9344773	1	3.252081
9475429	11	4.081020
5611613	12	6.874188
6874672	14	6.039694
4595548	14	4.025917
8415335	3	4.177421
2174848	15	3.404489
5031853	4	6.655330
8629004	13	3.238329
6048841	10	6.297847
4893710	2	5.191546
8670121	14	5.013304
8573547	1	5.498804
3846075	0	6.006437
7702971	12	5.797384
5834884	15	6.254225
2218595	5	6.711784
3666275	14	4.467176
2803121	2	4.995060
124768	10	5.810068
2894745	3	5.384792
6967362	8	5.520390
1747783	6	6.205945
7917019	11	5.905002
5625733	14	4.238487
4956677	16	6.276823
4361976	6	5.009519
3023984	15	3.207533
1664203	14	4.283024
9691768	4	6.761701
5160661	15	6.195224
4318189	0	6.004700
4731724	11	3.974820
4991276	10	5.105043
1138566	8	6.441331
8533738	16	6.079308
1792188	9	6.289350
7131919	4	5.550219
5410977	6	3.613121
4033812	0	4.647950
6305811	8	5.149045
3213362	15	4.839186
5668796	8	3.530130
4258498	4	4.882669
3043040	8	7.112430
7214159	10	4.977328
7836899	3	4.853634
2015027	0	3.780677
2095031	1	7.038181
7179781	6	4.815092
6057244	9	4.460336
3680942	2	4.150514
8355167	8	4.677009
923760	7	6.134312
9370455	5	6.292388
1422428	6	5.551196
2809779	5	6.254088
8010579	13	6.271887
1791343	3	6.678397
5853587	16	5.776936
6031657	4	6.369408
4103709	3	4.227796
8309117	2	5.463115
3281791	3	6.478063
534055	0	3.387352
4770474	0	4.482200
5058303	13	5.963900
6258991	4	4.361770
1971201	16	4.429430
5823406	0	6.598877
5351031	5	5.844130
4281195	15	5.532240
4724795	14	3.742438
9341289	4	4.608081
5720681	14	5.950640
6144233	13	6.739812
5510770	3	6.134338
3227302	1	3.825218
2017009	15	4.210512
4906092	5	4.845080
6168572	1	6.453274
5696949	2	3.480866
1440001	9	3.398967
6498260	6	5.808152
7985329	13	5.395087
7183203	4	6.455711
9705624	13	3.526404
6573178	5	5.725035
9217235	4	4.197408
6347361	10	3.195202
1842198	5	6.928272
9504836	8	4.723273
7895554	8	6.818832
7963013	10	5.630852
9008566	16	4.310196
3892217	6	7.007331
738971	13	3.766660
8267546	10	5.712006
7002858	3	6.448413
8212373	6	4.412298
7677521	6	6.549332
6753210	6	5.977998
8330677	9	5.034135
479082	0	6.158695
2262294	10	4.192842
2394228	8	3.429016
505976	7	4.095057
2500757	2	5.237579
9367261	7	4.389835
6604165	0	6.888263
9765483	12	5.044655
461201	8	5.006059
6255279	8	3.403903
7272843	12	5.351188
2109553	2	5.978384
4068951	1	4.285095
680792	1	4.673412
1513507	7	5.401635
3273644	1	3.919238
1654525	4	3.416918
9755684	1	3.159512
7947498	5	5.197999
1606556	4	4.024402
1108494	9	5.215940
6991630	11	3.510284
496494	8	4.971909
9035381	1	4.427798
2643791	9	5.667900
3036634	10	3.400350
8541073	5	3.866517
3810426	13	7.053614
7701429	9	4.803987
8497121	4	4.948480
7282782	16	3.526973
4705159	0	4.167423
3969621	0	5.565694
677278	8	3.377729
4129701	16	4.147728
7334069	13	3.833728
9244317	9	5.635988
7172818	11	5.600336
2634348	4	3.184758
7898486	6	3.723691
5097349	13	5.957642
5600722	8	6.939683
7383218	5	4.382124
9389135	16	6.457272
8983899	8	3.828581
194403	14	3.241610
4354040	6	5.318978
8229217	6	3.269001
622590	1	6.283952
4396045	0	5.396376
1035578	5	3.774381
3701890	4	4.667776
9363235	6	5.521074
2521066	0	4.358137
5835099	10	4.610627
2579540	12	3.584122
233997	15	3.751249
8818447	7	5.898254
1995249	9	5.652749
7286630	3	5.331446
1424224	12	4.387578
6448802	8	3.458895
3474662	3	4.896117
7016028	12	4.410166
7707351	6	3.428884
3099597	7	6.736311
8248012	4	4.269239
2785889	8	6.255204
5420775	3	7.011172
3829413	10	3.328464
8059919	14	6.775762
3692478	13	3.231522
8440991	2	6.555859
8927663	11	5.699397
8527838	6	4.421505
2939944	3	5.152792
2044099	3	4.093653
6628390	8	6.074517
9570752	7	4.959851
3653823	15	4.580324
240799	16	5.375672
5652196	13	3.700742
85910	1	3.657504
5281559	4	5.428497
7076789	10	4.762182
5212859	5	6.225370
8268989	8	3.507362
8142273	6	4.253624
4150211	5	3.848571
1019726	14	3.739392
5526915	12	7.062506
5222122	8	3.416639
5822553	6	5.527682
4030509	14	6.220998
2150694	5	5.918419
8389842	5	6.744704
1754490	14	3.217506
9148909	9	6.538507
2243842	8	5.548455
8724978	2	4.115306
7116405	7	4.440712
9254495	2	3.813137
4420535	5	6.615441
9861983	12	6.834717
9840046	0	4.519216
2865822	6	3.232480
6201719	4	5.226222
8373151	15	4.510507
3166761	3	6.339940
2066027	2	5.343749
4547277	7	5.239306
5728393	1	3.983003
4820602	9	4.834625
7005194	0	6.077929
3198827	7	3.740547
3688070	7	3.202365
7186745	14	4.225853
5188044	12	4.709475
823261	9	4.838777
2996576	8	3.975740
21174	6	3.580996
3546100	12	5.204576
8773945	15	4.380603
383466	16	5.162088
9782312	13	4.621294
7197797	8	4.761241
79413	0	6.796025
201315	16	3.970293
8196748	4	3.264502
4169308	1	3.743055
6853964	5	5.181337
4319254	11	6.936170
719301	4	6.225137
417040	12	4.832632
3705444	0	3.173048
9273836	9	5.345488
562051	16	3.410663
7206077	5	6.089670
5870513	13	3.550994
7268498	1	4.449996
9839609	1	6.133683
7234519	11	6.573790
3327917	1	3.596261
2336109	16	6.686140
4583108	2	6.867234
3805965	13	4.326124
6821507	3	4.676480
8990813	9	7.096458
207503	5	4.578520
6065896	16	4.002637
959899	12	6.570994
5124068	0	5.533558
1945257	3	3.779946
5762470	13	4.473952
2303379	15	5.917486
8948532	1	4.235711
5962029	5	5.538579
5314993	8	6.111600
9668434	15	3.589134
6505008	2	6.818396
6105571	10	5.201155
7530178	2	5.777960
7470922	0	5.238327
3891535	4	6.854833
8609108	11	4.890419
310049	4	3.242394
7788552	11	5.046011
4578150	2	5.941063
8390657	1	4.204957
820921	2	4.253461
2238971	11	6.329994
9023166	4	3.434877
9743524	13	4.664154
4898388	3	4.498299
3198234	5	6.668261
9180088	4	5.038380
6602259	14	4.854688
8920514	4	3.572964
1902739	9	6.312470
9851417	7	4.945436
9644201	9	5.338608
7494055	3	4.538946
4270391	14	3.368590
4999694	3	3.658265
9463806	16	6.099730
8639097	5	5.431277
1944589	16	6.007382
5318069	0	6.034958
7205569	14	5.189681
3332449	4	3.347671
7945156	14	5.891780
9515023	4	4.691304
7192244	11	6.769001
5556759	7	7.071931
7236916	1	6.281369
1726245	13	6.986382
5579087	12	3.785961
3810453	14	4.354961
3964259	15	4.207746
7617924	6	3.214647
2035262	16	3.782551
4071950	14	6.065512
2433889	8	7.068143
8131678	6	7.010939
8460372	1	6.803303
5870412	1	5.276608
2961095	11	4.455474
1789373	1	6.447264
4425802	11	3.448453
675546	0	5.804824
224675	6	3.588620
9210455	10	5.347399
6978647	6	4.366099
9125014	10	5.022774
4853418	10	4.671314
6345738	14	3.438694
2203844	13	5.729211
570669	15	4.989685
7333952	12	3.629494
2139020	6	5.478191
187438	12	5.438928
7505076	1	6.949918
4725481	6	5.917449
7129516	16	5.679269
1507711	8	3.458518
8446791	13	5.813430
7937244	5	3.248315
4752620	4	4.907088
4846388	6	4.984042
4789559	7	4.299270
7321007	12	4.753406
3591953	3	6.160935
3857172	3	4.473080
1411703	12	4.023820
1907373	15	3.291586
8219480	6	3.725324
8414613	11	3.986955
8136827	8	4.796461
3361381	6	3.566048
8147635	16	3.344096
9613696	16	3.947940
7785655	11	3.872168
290324	15	6.366720
7079528	8	6.970745
3769403	15	3.517404
6290467	4	5.895311
7814642	8	5.581074
4198883	8	3.538071
7545577	6	6.704854
7985875	5	6.724845
7363569	0	4.497565
5891746	4	5.064225
1968687	5	6.999516
1611415	13	3.846848
2121244	2	5.692047
6598878	2	5.634957
3772666	1	3.235509
6910746	3	5.212279
1183358	6	4.046375
5220418	0	4.294627
2425032	15	4.204108
4203291	14	3.937395
9531979	14	4.587308
8095897	14	6.738043
9385153	14	7.011033
5154955	1	5.189983
7685849	1	7.015891
1761261	11	6.236290
6757949	13	5.268691
6263044	8	4.816121
9523934	4	5.331064
3105401	11	5.774475
135558	2	7.030459
7643865	5	3.278664
1195165	12	5.642137
98001	2	4.103521
6846660	6	6.928936
4926701	15	6.462937
5597583	9	3.912399
4528289	10	5.659699
9137035	7	4.607505
4563691	16	6.781960
2482521	1	6.407565
9796399	8	4.984516
3732197	9	4.593161
6900231	5	3.931042
5194818	11	3.933238
6410352	0	3.945450
8959455	13	5.903111
2317173	10	3.389008
3742247	3	4.521803
4160536	9	5.327962
4988156	9	5.237654
181582	8	5.661399
1130283	5	5.110744
64040	11	4.156823
2889947	9	4.214718
6084878	10	4.954457
4323764	11	3.956574
3680407	6	4.025354
6465812	15	7.106384
4334210	15	7.042613
1111218	2	4.323419
3592531	4	3.670248
7417042	8	4.761704
9229314	2	4.021884
889973	0	5.764014
9948456	7	5.771782
6292045	16	6.998550
6911230	9	6.557713
4017039	15	6.102070
1515651	12	6.690895
3635273	11	3.468338
9062174	0	3.418574
6577595	6	3.923116
9114817	4	5.596879
291085	15	6.100754
9281300	7	3.963285
5859571	14	4.647343
9291105	8	3.869022
9228809	13	6.809926
4210054	8	3.433388
668473	1	3.938013
7812264	9	6.742603
5753545	14	3.336372
4808662	13	3.525416
6220325	12	4.190095
1298589	15	6.220643
8821724	10	6.192636
3176901	9	4.676371
2635531	16	6.686660
5099551	12	6.133170
2621953	1	4.554620
719147	1	7.039405
2777742	2	4.872221
9092877	16	6.834240
8166746	8	6.585605
4084508	13	4.363770
7788749	8	4.688941
2739257	9	4.855542
8962512	5	5.451004
1912388	2	6.401090
720125	14	5.335021
6362249	0	5.532740
7478707	7	4.254202
6121446	12	4.580555
8108836	8	6.676652
6026710	7	3.924810
6903995	10	5.838620
3537219	13	3.883992
5944499	0	4.095298
1280689	9	5.908591
5126289	0	5.930647
5859850	11	6.121630
9218573	13	6.145375
1718161	4	6.773530
4555541	5	7.055501
2390353	7	4.065036
2340851	16	6.195859
7482293	7	5.535893
8700466	6	4.176060
4974325	14	6.470812
3530679	15	5.726908
6748091	0	3.538924
8472850	14	4.293458
6221178	5	3.663734
2702836	7	3.995986
5781602	13	6.083055
1874105	13	3.565143
85712	6	5.370815
7896177	4	5.800992
8392249	11	4.039538
2450059	6	3.615938
3113492	9	6.286307
3544298	4	5.357823
2775257	2	4.316525
8847821	0	4.008668
7700131	5	5.667417
6652671	15	5.093118
7620644	8	3.237614
9152567	2	3.993617
4495668	15	6.117846
6682038	15	5.469119
2546369	10	4.290797
5552166	16	4.923751
7180688	5	5.290345
1427197	2	5.745353
8678693	14	5.559457
1911350	15	6.267969
5490724	3	4.133733
9020459	6	5.364113
3881441	15	5.253009
5721587	3	4.220514
5784376	6	6.107560
5953727	7	6.957753
3912878	2	5.584459
3400050	8	6.352100
5705854	15	4.364099
1356770	15	3.200431
6060002	2	3.513082
7327576	3	6.407730
2485349	16	6.888995
2641782	15	3.275312
802051	13	5.455280
2413878	1	5.091898
1249232	3	4.866739
7372823	2	6.382582
8629860	6	4.370018
6499114	3	5.629302
8398812	8	5.359036
9364368	1	7.002175
3551236	9	6.490103
4320535	12	3.422806
4184071	4	5.202690
3434149	2	5.538086
6784119	15	4.485666
6521538	2	4.923002
429025	13	5.881181
6911746	13	3.720368
5336785	8	6.856750
7151506	13	4.116832
8764552	7	6.595925
8899743	10	4.691471
7974483	13	6.744013
9747019	8	4.651304
1254101	8	4.592223
3739013	9	3.457031
4596800	9	3.400259
7252186	12	4.628665
7231734	1	5.310785
4602444	12	6.661748
3414331	6	4.986124
457248	3	4.210340
1836504	16	3.533174
2956293	13	4.195796
7838748	2	5.223002
7105637	14	4.139188
9587769	12	4.313955
679025	13	5.933955
5546653	11	6.569779
3828748	10	4.729751
3228869	0	5.757641
6183688	7	6.593243
7264368	7	4.753447
9455213	3	4.688844
2481461	12	3.217463
3464673	12	5.483411
5555349	3	6.405838
4949480	15	3.364752
1911173	1	4.746597
2864444	9	4.335183
2287215	15	5.341445
4715756	7	4.662796
9481568	7	3.466480
9245855	4	3.283409
6208087	9	5.232598
7608787	12	4.388349
198958	1	6.588437
1039731	11	5.691321
3871514	8	6.123173
4687229	12	6.139221
1612866	13	6.533146
5089017	10	6.497417
9076132	6	4.499196
5960526	14	5.350800
5404882	8	3.983846
1557300	15	4.585024
2248101	16	4.079455
5539858	0	5.565523
4646788	14	3.563046
6301099	1	3.536025
4760217	12	5.785537
4901124	10	7.095985
1859792	5	4.912560
4238404	14	5.667843
2122473	7	5.623573
753661	16	6.015922
4170159	15	3.488692
6673355	5	6.926848
699093	16	5.248086
4335117	13	6.856908
5324362	1	5.369137
7018680	1	6.479629
2930923	2	5.441608
6907576	4	6.875723
9963839	14	4.730066
1852766	3	5.873318
9526246	13	5.054820
3547997	3	4.318375
3336368	16	5.948725
9820349	4	3.888151
2850446	7	6.150698
7551887	10	5.304616
4212349	14	4.951233
995897	2	6.073247
3514587	8	3.250422
3948972	11	3.893201
8279271	2	4.370298
1688218	15	6.573121
7414223	12	7.023797
369519	12	7.032209
2728170	11	3.414451
9679883	7	3.476892
6920710	2	6.433288
1008952	0	5.027475
7004453	3	3.657520
9439886	11	5.018170
3958616	11	6.974100
1775873	10	3.326082
7784142	14	6.778544
5988942	3	6.951367
4934444	9	6.356854
9318761	9	6.483549
7923602	6	6.564368
7358218	14	7.043977
3671014	16	3.771675
1702539	15	3.531601
720249	15	6.008040
3594766	7	6.774661
1909370	5	5.410305
8225470	1	5.616124
3559104	10	5.399775
716027	4	6.177372
2923935	13	5.780433
5181768	15	3.324044
1964489	9	6.894506
3217278	10	4.764645
5605476	11	4.165486
1877234	14	6.573269
3549250	7	4.296235
5501136	6	4.733667
2539127	3	4.737036
47370	0	3.866739
5978430	11	4.744262
244879	15	5.017659
7186911	15	6.301710
5145532	5	4.610202
6341255	4	4.982267
3802594	2	4.400274
7247911	9	6.801640
4145888	8	5.047179
197915	12	3.496532
7758102	6	3.879358
9042318	12	3.564180
4008907	4	3.639096
2066821	10	6.353934
8540659	12	6.958784
3000762	13	4.361962
1082381	3	3.971093
6978419	1	5.281834
6856738	8	4.033821
7966499	12	6.376860
7294932	12	7.068983
7516504	0	3.515351
6007995	9	5.697130
7483352	13	4.152212
972854	13	4.403272
7257133	10	5.820291
1264544	14	6.576602
6124265	15	6.581608
9063859	16	4.410431
7289859	7	4.950097
4669471	13	6.376787
7865946	8	6.513058
6113072	9	5.983987
7086304	1	4.384582
6325111	6	3.708901
9411337	5	4.468157
9818993	14	4.369836
2438631	1	4.324975
2506370	1	3.857837
160466	16	6.725229
3150667	2	4.935199
4263356	8	6.518371
7590228	7	5.789303
3462823	2	6.880092
1895698	9	5.193445
4341357	16	4.738429
8815241	4	3.557818
8290571	6	3.876065
6741086	11	3.853795
5571254	9	4.696157
519202	7	4.054215
3989509	14	6.535898
7172668	0	5.479646
3595170	4	3.650248
4641410	2	3.987908
3353766	12	6.857964
6373364	5	3.159064
1178310	14	6.983914
7498719	15	5.635713
8126782	15	5.773271
4148496	2	3.149038
9923282	3	5.228030
9885384	10	5.213521
457656	13	3.532643
7863255	5	5.523057
9706997	6	6.726622
2172840	0	5.791826
9902696	0	4.443850
6892224	2	3.691279
1779368	10	6.975085
2235666	12	3.940702
4693375	11	6.710447
115226	7	4.974075
9830961	5	3.541444
98640	6	6.228152
8012771	3	4.699565
4877649	5	6.271852
7334631	16	6.892427
9226768	6	7.067934
5031700	10	6.737131
3890315	3	4.487279
2056279	3	4.241585
6588859	8	5.453102
903758	14	7.106258
49740	7	4.984802
4719445	3	4.137107
2619303	5	4.536007
8854701	5	3.524613
8653558	11	6.998679
9971547	12	5.133883
4129544	5	4.594145
7350374	7	4.396918
5495611	8	4.911478
2718326	15	4.635486
7906217	3	3.627195
7818158	14	3.612523
656929	15	6.502728
874150	16	4.066190
4486746	4	4.806023
4965601	1	4.016594
5208456	13	5.654457
2678129	1	6.831141
5548183	0	6.328559
4138	10	4.779778
6252384	12	5.753318
3013393	7	4.472916
5623483	13	6.013272
3433363	1	6.779221
8642821	15	5.658145
6741356	14	4.116195
9032925	14	3.438806
5214257	14	4.641121
5483393	2	5.167477
9971186	15	4.984802
7070721	3	5.611859
8415317	0	4.896681
2603351	0	4.584958
256745	12	5.231553
3852693	0	3.708878
8639632	2	4.985498
938121	11	6.508938
2598841	9	3.435406
7263664	3	4.743211
8010276	1	5.628590
8013138	12	7.121339
2047973	13	6.079105
6063739	5	3.520227
3338367	9	3.312958
9550111	8	6.694006
1247224	3	3.875783
8233011	2	7.105948
472938	4	3.748011
7989315	1	3.895222
8770429	5	3.544299
2050216	6	4.021493
7609510	16	6.433152
5391393	8	6.994077
805264	12	5.769710
83780	14	4.548420
6361415	9	4.074625
2535404	2	6.240783
4843768	15	5.127129
2707300	9	4.459754
9098500	4	4.085604
6804383	8	7.025601
2279619	12	4.695941
3469620	13	4.609400
4489632	10	5.481512
7305886	4	3.674414
3673951	14	6.360582
7492894	2	4.960143
8226985	5	6.194108
8260392	12	6.918819
3401253	13	3.504953
1730710	15	6.763609
1803430	11	4.340196
3723893	2	6.502907
4479245	1	3.254868
5995961	3	7.125259
6500629	13	6.363905
8791505	11	3.496009
2925536	0	6.694292
7767821	11	4.271503
6286654	1	6.464974
2162058	10	4.700095
2211373	6	6.117897
5939597	3	4.687419
9767237	6	6.194865
358352	6	4.002776
4251939	11	4.151657
6198773	15	4.559771
1913460	8	3.718174
7110368	13	3.293088
5497347	6	5.823360
652038	1	5.871768
7481864	14	5.187000
7784343	6	4.450458
3905441	11	6.923674
7129836	13	5.953529
7104716	15	4.682204
8268052	9	3.468795
6413952	12	6.302719
8261592	9	4.102507
190759	15	4.888901
7265693	3	6.469632
9098250	9	5.574747
7578824	7	3.902446
7757183	14	4.957258
4501925	4	4.916586
7084933	8	4.456143
1239255	15	5.250442
8712060	12	4.127451
8909881	1	3.698448
7503606	5	5.296498
755119	2	6.218158
2365496	8	3.380524
1614879	2	4.942001
1235669	8	3.317298
3261467	7	5.246002
5201591	13	5.921961
4052410	2	4.033962
9473475	14	6.788834
2226133	6	5.981088
6393588	13	3.479826
5501076	12	7.103631
1885071	16	4.431055
1674926	16	3.883801
7173087	3	3.449386
9655691	6	5.957728
2236628	4	5.710635
9804123	8	5.056042
6591816	13	6.765670
8800978	2	5.110212
7019072	6	5.393670
1723000	8	6.506151
9988344	5	4.498316
6838418	13	5.061806
8774995	0	6.566960
1084143	8	6.282462
143786	13	6.293646
1922846	12	4.322312
1678822	12	6.875259
7820529	13	3.952582
8122470	6	5.627359
6372104	14	4.584603
7220796	7	5.302572
3969505	0	3.897846
2446266	9	4.510372
6284205	5	5.898541
2641550	14	5.987916
8993921	10	7.131434
5864038	5	7.076956
3623155	8	6.462145
4637545	14	4.768910
1210816	0	5.648768
822612	4	7.115338
414073	0	6.285604
9471792	14	5.719179
2643638	14	3.430148
3989485	12	4.810349
7182111	7	3.536846
6372254	9	4.524268
2501978	11	6.749589
9335649	12	3.462798
6434430	15	4.600931
7752770	10	4.693432
2164556	0	6.865037
8938262	14	6.900160
5705417	10	6.574036
5403641	7	4.830254
9146210	0	3.381240
8600418	12	4.814641
4993452	16	4.977911
9274417	6	3.264665
8884108	12	5.123886
1075843	0	3.919063
1669719	12	7.044261
1196982	6	3.604304
957382	7	5.676753
2438138	1	3.938856
1841244	8	5.532198
4341082	3	4.934837
9894363	5	3.705606
5546590	1	5.054820
1697580	12	6.847730
2875632	12	3.848197
1082557	5	4.081089
3476152	4	4.129602
7909363	2	4.060725
7555270	12	6.956823
9508017	3	6.361744
3412966	1	6.774052
6735647	9	6.999437
5459175	14	6.432920
1409253	16	3.315623
5568830	7	4.343947
7001544	16	5.537198
5754107	3	6.281108
7827654	4	5.275223
5737691	0	4.378593
2296338	14	4.971489
2423914	3	3.521424
8198351	16	4.115303
4821753	14	4.622039
8428250	11	5.902666
6133423	12	3.592327
5402665	9	4.875054
8271459	8	5.824011
1244313	10	6.331519
6083378	13	5.178342
3109355	13	3.916678
5742965	5	4.247422
2338389	13	5.982106
7908796	15	3.703319
4974080	1	3.611182
815488	0	4.172516
8821540	14	5.209319
2285234	5	5.332526
8797041	9	5.639629
6385884	12	4.091537
810560	3	4.024902
4274537	11	6.222500
6216186	2	5.083011
4918121	11	5.511108
6504332	8	5.002664
6020168	10	3.272287
8110074	7	6.653073
4096927	10	6.853537
4603504	10	6.046750
7798651	13	6.637843
9463913	8	4.787073
4464107	0	5.361617
8327737	6	3.591217
9159566	3	5.456722
3061638	15	4.171891
1400941	3	4.273658
5278398	5	4.209028
5632392	6	5.544892
9753573	0	6.423845
777244	11	7.090230
2657809	13	5.501319
9218616	5	5.259274
3996535	1	3.209276
993860	15	6.851791
5943606	3	6.606618
7681969	10	6.488327
908471	16	5.672285
4273008	14	6.957131
6674363	4	6.308655
4691517	9	6.101472
4384822	7	4.955388
9984365	15	3.852679
7840582	11	6.112818
6459811	11	6.495425
9401847	10	3.662670
7394607	5	4.672071
7128925	8	7.077159
819344	14	4.728398
8924979	13	6.449107
1672260	7	3.394500
2626875	13	5.277242
1777767	13	4.528817
2857996	1	5.893979
8639541	10	3.625904
491769	6	6.221206
320174	14	5.580082
8922656	16	5.104906
1085194	8	4.293981
2857264	8	4.328604
3170775	1	6.057533
6258487	8	5.621361
1024372	10	5.419498
8598301	2	3.771020
5762814	10	5.712953
8214036	14	3.901177
1851362	12	6.205665
1288116	10	3.663261
5453657	16	7.064315
2120985	11	6.602331
435798	6	6.260644
3842047	14	4.011490
4278292	6	4.660265
5939792	5	3.394886
2529415	7	6.501712
8640678	5	4.825275
2965353	13	3.406183
9136025	9	3.864040
8896793	2	6.102005
4149780	12	5.172204
9048223	7	5.974428
5938977	6	4.374388
3890793	14	6.486753
6784376	14	6.927054
3539934	5	3.342483
587485	7	5.744915
1947175	15	3.160502
3347238	4	6.169351
3534590	6	3.886441
2983076	9	5.362484
5433563	15	3.487084
841451	13	5.913714
4150297	7	5.318762
4407849	1	5.450895
7375694	8	6.492863
4740442	9	5.138048
579212	14	5.053062
7553694	4	6.214272
5425658	1	5.362481
8097125	11	6.784160
8388164	14	4.273536
672124	1	5.539455
9895308	11	3.984866
9788019	0	5.703025
2571384	14	6.045142
8724416	12	5.759871
7882844	16	4.712301
5491054	8	3.186015
4649397	13	6.597338
1208731	4	5.237261
6824626	6	3.183853
6510684	8	6.407137
6112221	0	5.376083
9191673	0	6.701999
7639197	5	6.079106
2127365	8	4.694086
3814829	16	4.823857
6573705	13	4.390975
3481913	14	6.188911
9420115	13	6.200553
1651946	13	6.956780
7276245	1	5.022718
8129765	9	4.840423
4052170	1	5.053160
4102604	13	5.884720
2366895	15	5.964419
1543689	11	4.787486
9543983	5	3.274132
6136597	11	5.972312
9973917	16	5.773618
4418815	5	5.731816
3694883	9	5.349567
2499027	11	6.397092
8567377	5	6.578792
1413068	6	4.079086
1285559	8	6.042431
3233636	0	5.135214
8810468	8	5.577537
9301774	15	6.347007
320904	16	7.074081
2619505	12	4.258737
2341825	5	5.905132
3428036	3	3.150691
5945958	11	3.747743
6610772	11	3.856974
7139374	10	6.628253
9452337	4	5.234041
2534942	10	4.916063
6311873	13	3.262250
7536914	2	4.302224
1333366	11	4.788425
8456530	4	5.002298
2862577	1	7.112936
8248592	1	4.501980
6272172	11	4.731180
9343838	1	6.379065
4172399	7	6.816738
4198438	2	4.321914
2273963	6	4.637128
1762866	13	4.012133
1711722	4	6.998197
2991291	7	3.471463
6127399	6	4.020115
5868499	15	3.981580
4347563	16	4.833174
9146869	8	3.914787
9997374	0	6.096205
9905641	4	5.562779
3083974	10	4.109772
4663203	16	5.601519
1336481	6	4.852455
85707	5	4.580090
7473544	15	4.163338
3897169	6	6.253869
893304	16	6.828477
1066926	9	5.819654
5959777	15	6.352608
741155	15	3.199159
4307343	2	6.764801
7339602	15	5.469683
4017709	8	3.834944
4631005	9	4.603347
8662921	16	4.784321
9298474	7	4.363155
4612863	7	4.927001
34064	13	4.071931
9654345	4	6.738702
8870517	7	4.082650
4719619	14	6.041557
5594376	15	6.472618
3999575	10	3.735757
9195589	13	5.230496
7485238	7	6.500055
2971200	3	6.655275
6059800	16	4.629551
6731215	16	3.679893
9308796	2	3.695051
8601531	9	4.349317
2532546	4	6.709149
5516285	9	5.016606
9339492	13	7.059128
2619338	3	4.316484
5564617	12	5.480434
45858	4	7.042644
3599920	10	6.732977
6944023	5	3.691311
8747209	3	6.013642
7573196	16	5.250871
9696746	7	3.941574
1074252	6	6.124198
8436691	8	3.670718
2015442	11	6.832783
2884764	1	4.949136
6184929	2	3.150460
84092	5	5.246468
5302842	8	5.423783
4796281	4	3.509305
2959274	8	4.734850
3177412	14	3.277447
3784552	9	6.402495
1943242	13	6.056603
2976737	3	3.927658
953104	7	4.578053
7968941	3	5.206745
4156881	2	5.381226
4897751	11	5.755086
8164038	15	4.551755
6581608	1	4.943093
3736822	15	3.354054
1607547	9	6.600459
734639	8	4.447804
8254605	1	3.806503
5507425	8	6.821109
9724994	0	6.103503
2674439	1	6.708244
8511374	2	4.272862
2353868	10	5.279105
4204067	3	4.564071
4267641	12	6.585786
2912632	10	3.851573
8380316	6	4.578185
3070829	5	5.964206
4170041	8	7.131800
4175244	8	4.701466
8855567	1	6.567452
5484978	8	5.782972
3479556	7	3.670892
1495145	13	3.188319
3673475	6	4.774120
6999212	9	6.894832
9791443	3	4.358730
513053	7	5.681508
133706	9	5.316610
6223379	14	3.860655
2811897	0	3.214680
8414630	2	5.912225
9854962	14	4.662549
9034877	7	3.880085
9578466	5	5.854337
4834731	10	3.248345
1134756	11	6.275591
6831233	10	3.846049
1299779	2	3.942116
800925	2	4.881191
1506821	0	6.175697
1421867	3	4.481716
2922234	0	5.037715
8134656	9	3.500783
6139923	14	3.491840
443100	8	4.831041
7511432	10	5.435609
6882036	7	3.962753
9999001	11	4.699051
8684202	13	5.906236
2961033	8	4.980653
3083199	8	6.993343
8130906	1	7.013406
6873825	15	3.623487
3867520	9	3.953964
3489589	9	6.407136
9954966	1	4.195936
6981479	0	3.835479
2530311	10	5.015438
5283883	1	4.155831
2760274	7	5.987188
5539302	6	3.780138
6034626	8	4.371232
1695295	12	6.741856
9437432	15	3.951481
3404936	13	6.489929
4693111	5	6.371790
5232328	5	3.960606
5446802	4	6.756024
2776144	0	6.131353
8457287	1	4.297451
8281761	4	4.477100
6170357	1	3.937964
4016469	16	4.115958
3410987	15	5.283551
895682	13	5.491961
9208534	5	3.204409
3735253	11	5.450952
3575586	3	6.016664
8350200	3	6.227996
8551476	16	4.051152
3837552	10	4.760463
1696426	16	3.757512
4062382	10	5.694387
5088765	16	6.222315
7191783	16	3.350334
5225573	2	6.701266
149649	10	3.780384
5943497	1	4.692063
3388794	12	4.421926
6130214	15	5.459130
6466713	2	3.381478
829329	16	5.905205
7366556	1	4.311995
9463797	5	4.494489
3064641	5	4.890105
1778855	5	5.368148
2296395	12	4.664512
6334524	10	7.072178
9405218	1	3.803393
485199	13	6.979688
3929290	4	5.775432
2449184	11	4.950055
5195075	15	6.257066
8375206	7	3.842148
4119974	12	4.160796
4404718	10	5.882951
9966992	16	5.056837
3635874	3	3.749796
7658817	11	3.196694
2724492	14	4.222989
8481999	7	4.998730
8427531	11	3.208922
3551609	15	6.352997
9337490	0	6.771548
7313215	14	4.680638
9195471	15	4.207369
7210517	9	4.437796
7619770	1	4.914902
3801876	3	4.245895
5043120	16	6.192337
6821039	13	4.506218
6487657	2	6.311393
6956432	4	6.127385
3782239	0	6.879982
4870267	10	3.991255
4922292	16	4.539038
7139821	2	6.094431
3986515	1	5.568104
4387525	15	6.890744
8123105	1	3.491910
7837681	5	5.536250
1829870	1	5.153910
7799607	11	5.934377
626558	14	4.762325
860405	11	3.841071
228309	16	7.061536
1095612	8	7.098370
2806198	0	6.018558
6196174	3	3.942347
7814268	7	6.255657
1728640	3	4.505413
9461777	11	3.144375
7759159	16	5.133142
7794651	11	4.197789
1412163	2	6.542415
5695750	4	5.725808
3191552	3	6.499877
7230303	9	4.445427
4866856	16	4.902902
5702590	3	5.810538
3051778	16	6.877691
2950398	14	3.431445
3056893	12	3.456390
2328207	2	4.096685
9090849	15	5.317843
6585002	5	3.596158
8526779	1	5.901707
5053102	13	4.534539
2015914	7	3.510279
5156918	5	6.566397
5460442	1	6.084079
3604655	16	5.513246
4920663	2	6.866775
8934783	13	3.323113
4751061	9	7.019258
2029826	14	6.439571
7538059	11	5.035918
7686568	11	3.761866
5995428	15	4.992699
9063607	0	4.869925
3967498	9	4.667498
6429454	6	4.228439
77568	15	4.973914
1716253	0	4.004744
8314409	12	6.377440
8140712	14	5.244330
5818903	1	6.386461
4116967	6	6.590884
4965067	4	6.631443
4360417	15	5.844756
3791685	10	4.310908
9810601	13	5.843152
7702417	8	3.411483
8666909	11	4.241941
2749960	7	5.540400
8147277	1	7.095590
3369996	6	3.997196
7440107	4	3.558679
2643097	3	4.018929
4458542	13	7.033672
2352897	14	4.403230
1185070	0	5.978474
9109109	7	6.363121
8148824	1	6.200002
4990140	16	6.879966
4747233	12	5.379096
8467384	12	4.301406
1754636	0	3.777502
6962600	9	5.069611
2938418	12	6.556841
6255147	0	4.075391
4863108	15	4.824779
2939835	5	6.145484
1346539	1	5.580994
2731835	4	5.911623
436510	12	5.903089
9070684	1	4.454768
3967636	5	3.530271
2220030	7	6.873695
9477891	8	4.294415
2295391	13	6.182999
8278094	14	6.427864
6936807	6	5.147710
444776	13	5.869405
8365244	14	3.413078
279619	13	5.618271
451737	14	6.653282
156946	12	6.192578
4859627	13	5.907924
2083741	4	7.095207
8897982	12	7.118045
550495	15	4.075348
5451817	9	5.777583
4008408	15	6.922498
3630501	11	3.792394
9978039	3	3.958160
8216646	5	5.292558
7743794	5	6.070994
7683031	5	5.864498
4053219	2	7.019596
8414295	14	3.440989
5325315	11	4.540419
5342370	6	6.716655
7226770	16	3.280650
6152136	11	4.746522
7217825	15	4.353140
1759206	0	6.473438
8643810	6	5.660667
7620825	1	4.127493
2160589	7	4.508973
2645380	1	3.821732
7669517	11	4.508327
2815202	16	5.932549
5391458	4	5.105392
6262767	9	6.745668
5811952	12	5.288506
1318426	10	5.896123
4060476	4	3.694340
5051492	15	5.669065
9321885	10	6.499651
1608043	8	3.424128
6119350	11	4.696833
8249598	5	3.919189
9467136	6	4.110422
4227066	1	4.099229
1097246	13	4.938233
5898749	9	5.718322
4172695	14	4.982259
4865699	9	4.748004
361387	6	7.051850
7129428	16	4.753266
4900275	5	4.878358
6003669	10	3.735903
6681404	2	7.027840
9987130	5	5.862565
4137160	8	3.777481
6900353	8	5.784537
1555047	3	5.086557
514086	15	6.405179
1566500	6	3.512156
6851630	6	4.225976
6882296	14	6.245176
9643339	11	4.350335
848488	13	6.808780
1741860	0	3.542797
3635623	6	5.781775
8129587	3	3.909586
4417177	10	5.118338
8737639	7	6.825110
7787444	5	5.232449
4003002	1	3.838085
2204696	16	6.569181
925127	7	7.032839
3589065	2	6.043030
6357380	7	6.795226
9913762	7	7.108870
3559161	1	4.935110
4427198	12	4.289427
7032506	16	5.589860
9987234	9	4.638054
6698982	10	3.902452
2204318	11	6.053281
3107200	7	6.258552
4629817	9	3.230085
9720648	3	5.063118
1782922	15	5.483127
1194926	10	6.877259
832882	9	6.147662
9021635	16	4.396501
8605287	10	3.717266
189557	7	3.295671
7956696	3	3.349822
5318624	4	3.720873
8749541	7	3.322194
411198	6	3.817302
5784910	9	5.439283
6691528	13	3.163702
5145922	16	6.472037
8032317	15	7.072005
7273697	11	3.729299
8335461	0	4.177916
6553348	7	3.265584
8007153	12	6.295505
5398971	9	3.490530
916910	13	3.716503
124920	14	3.700228
7763410	11	5.218918
3021583	5	6.843217
611831	1	4.974900
7542109	6	4.176673
6689172	4	4.986486
6962056	13	6.607170
1084853	0	6.454839
2245366	12	5.804413
1981826	6	5.318512
2032476	16	6.175342
4138938	1	5.871513
830384	7	3.250709
1380857	12	5.559062
7038678	1	6.000548
9392226	0	4.651949
685998	2	6.118589
8913851	2	4.529960
6326311	0	3.561306
7200743	6	3.805997
9417710	8	4.145562
5425626	10	4.368668
2425007	2	6.560695
9971833	4	4.159828
5637822	0	4.680309
1745235	15	5.846115
5363583	6	4.802589
1402445	5	4.748057
6283210	4	6.083524
792948	6	4.358134
2029101	13	4.207480
7586048	16	7.123507
3032325	16	5.345378
4283002	5	6.995870
1888093	8	4.430499
9324294	5	4.921148
4407151	7	6.761954
1041596	15	6.262326
736130	10	4.182406
3281286	3	5.857468
2922071	8	5.729359
3647216	10	3.514930
7179348	2	3.438419
954100	0	5.838421
730572	4	5.273816
6690737	3	6.902583
2989147	10	4.397224
5539732	2	4.938116
7112910	9	5.702907
785642	10	4.156020
8004556	5	6.761452
8511133	15	5.725900
3450022	14	6.845812
2656190	1	6.344973
421465	3	5.273002
7027657	15	7.020257
3737944	0	4.461065
7849712	13	6.931522
2752501	0	4.500398
6177657	10	4.413827
6187319	14	5.529015
3981487	3	3.449773
7650054	6	6.150140
1405785	7	3.440625
1112993	14	7.118226
1360567	2	6.902842
5757007	4	6.335521
300448	13	5.271499
515482	13	5.787898
5029235	7	6.109830
8649015	2	3.202181
2180890	2	4.256807
9509582	15	7.123853
5654588	0	5.841081
2940390	8	4.929550
6351692	16	4.507422
1495043	6	4.089606
3361381	2	5.251641
3690615	5	5.080835
521919	5	6.431630
77086	11	6.879640
5624588	12	4.460941
3150293	11	4.594296
8360377	14	4.153115
6798568	15	3.436944
1133767	14	6.772209
2579144	3	4.706332
6258371	16	6.128124
5951739	11	5.511924
4946743	5	6.320776
9876591	16	4.769247
5819715	12	6.131166
5265449	10	5.357145
8121298	9	5.495596
801578	9	3.896389
1153217	15	4.770032
2838674	14	5.802361
9721486	15	6.213316
8715012	13	4.854655
8611293	0	5.425431
3904374	5	5.940759
6138839	5	5.324183
7003369	3	6.319157
6798265	11	4.701186
7643722	8	5.059960
9929084	16	4.548086
9214503	8	6.422173
9289621	0	4.510763
9478251	5	4.702943
9466360	12	7.130024
8676847	10	5.890708
9175528	1	7.100826
8593137	9	5.159317
5648742	6	6.280408
4423432	16	4.139120
7484547	0	3.516269
6172173	9	3.416910
7108589	1	6.802862
750823	1	6.986996
5874883	1	5.008167
4874043	12	4.650629
4197125	5	4.291461
6434908	4	4.409765
9687031	15	6.152836
8004997	9	6.360393
1619577	6	3.697339
6580204	6	4.291070
4802456	6	3.970280
9972830	15	6.650609
3178407	2	3.523913
4418377	1	4.758912
5619434	14	4.778545
818337	0	6.355965
9873397	6	3.383322
2334038	8	6.818288
9708576	2	5.093226
4915509	4	4.898908
7407655	8	4.923340
8589181	14	5.741052
7013168	1	6.884300
8122354	13	6.438777
8393554	3	3.713253
6343956	11	5.977802
3491975	5	6.753656
5738922	0	6.111001
4480355	13	4.875665
2465084	16	6.798537
4307306	16	6.619426
1845248	5	6.851988
4403062	11	5.293854
2551723	10	3.167367
7283077	5	4.977370
5587253	11	4.209506
5753448	1	3.152363
1430770	4	4.331778
818051	13	3.676116
8318969	10	3.792466
6684249	12	6.628966
8164525	0	4.029219
5225248	11	4.994956
2743408	8	3.178422
56363	11	3.877585
6044647	6	3.859358
1486017	16	4.200346
6682269	10	6.150492
7248929	1	3.523893
6275854	14	5.204579
4935408	10	4.837739
1456674	14	5.147546
8406961	0	4.694374
3823054	1	4.866599
1691940	15	6.397145
9224355	12	5.173302
5397957	15	3.620364
3014115	3	3.384490
9960520	13	5.360032
9591307	15	5.794492
6325094	7	4.483989
4437681	6	4.520820
838932	12	6.675919
1965456	11	5.742176
9965369	3	3.210968
1743168	9	7.047149
6086593	1	4.607205
4429606	11	7.129553
8304181	14	5.806810
678167	14	5.417789
1906430	5	4.236056
9524042	1	7.100980
4758894	3	3.910176
4321702	14	6.486604
161693	11	4.467645
216841	14	3.327716
6001231	15	4.137216
6970830	13	7.033668
2859789	10	7.048443
7562476	2	5.127675
2478223	15	6.036920
54532	2	3.865250
5322820	14	4.666054
8922835	3	5.035445
7284220	3	3.838441
9926973	4	3.965315
6853075	13	5.724599
8130513	7	4.980369
582537	16	5.547494
4677422	5	3.866046
1313551	5	5.550829
2417847	14	5.276996
7261343	1	5.878828
8999807	12	3.827656
26061	10	3.908989
3521265	10	3.471074
1381232	14	5.028379
7890766	9	6.883315
773237	10	4.607110
379534	13	5.198400
9355731	1	5.865447
8191908	5	4.708880
9232541	15	4.122263
3989663	6	3.922315
5590697	0	4.621265
7487701	2	6.429112
9697627	0	6.249390
8829219	13	5.235468
7816301	6	4.666608
6725354	13	6.169453
5174591	10	5.417373
7011356	3	3.212216
7138053	4	5.881952
968890	1	3.486954
7909579	3	6.080560
8453902	16	3.500601
9632488	2	3.177862
7303918	8	6.559374
7776208	10	3.684698
8375401	11	4.170917
3223485	7	4.553128
4935326	5	3.435040
3439448	6	6.063828
6840791	9	3.583804
859375	0	3.415758
6362712	4	6.772091
8670018	2	4.318318
9781616	10	6.998486
7016832	12	6.330416
2615321	1	4.074226
7556650	16	5.421396
3090967	2	5.635622
3157376	14	5.282415
7246256	12	5.241480
6779909	9	4.134156
2094245	2	3.886124
189149	4	5.068219
6846929	2	5.248792
1821688	8	6.962627
9653484	0	5.548558
8291236	10	3.650784