4350111	2	3.929740
7947100	13	3.399474
7091501	8	3.904362
3530265	2	4.284378
1357853	13	4.224743
9882598	16	3.661365
3496900	12	4.488353
1173773	14	6.365686
8365440	6	3.775326
4541628	12	6.570990
2576077	6	6.902849
1542959	11	5.106280
3148022	13	7.020968
2515926	2	4.808606
5081098	8	6.602677
4535895	8	4.961742
9226853	14	3.857409
7813832	16	6.195065
5388474	7	5.263585
7632148	8	4.578925
8557679	6	3.759326
58762	8	6.348655
769653	13	5.858021
6296377	8	5.545939
4238402	6	6.191144
763290	7	6.381047
3906135	2	4.271906
3977631	2	4.927957
6836076	12	3.856312
7658047	11	4.769668
6573753	5	5.788090
3581299	2	4.287837
2627588	15	3.476780
7304484	12	5.856369
1332843	10	5.404685
8466413	7	6.883114
8878758	6	4.198261
3849649	2	4.640134
769250	7	3.824304
4471404	1	3.500020
9054629	5	6.186728
2374429	5	3.665872
8497487	7	4.867343
6736797	14	6.056841
3978988	16	6.711188
6390251	6	4.581401
7561895	14	4.872181
7358914	1	3.504727
5335098	10	3.257289
5424102	6	6.766633
9770864	2	3.470793
3196409	0	4.812308
1587195	12	3.768222
7355680	5	4.575083
5278379	12	5.291580
1346269	6	4.695286
1879468	9	3.809322
6039889	0	4.895346
1679364	7	3.636877
7410791	14	4.713482
2678478	8	5.968240
774941	6	4.999029
7097548	5	5.374639
8467861	13	6.201970
1183463	16	6.281457
9966367	15	5.921651
4046690	0	4.514384
3975688	3	6.656263
5795054	1	6.563593
3617296	11	3.807926
6953199	1	3.844267
5282316	12	5.975266
539259	12	6.870465
1697140	1	4.610700
4700228	5	5.558431
8659178	12	3.759179
8836578	2	3.933630
564595	11	5.606435
1719711	1	6.695922
4250437	6	5.818730
6202062	5	6.225089
6210120	16	6.299239
5942191	4	3.563512
2821999	10	3.502093
7065262	5	3.977961
8896757	11	5.146581
2389328	6	6.621003
1514636	7	3.380776
3897699	3	5.271861
7258387	10	6.238915
1290472	14	6.045672
9941696	3	3.278517
999536	7	6.220913
4616941	5	3.301075
7593666	9	5.521905
5610355	2	4.286761
6237430	1	4.280283
2188584	13	3.960233
1137905	4	3.216860
9678938	7	6.857213
2104929	5	5.268730
1580241	1	3.725400
8322336	16	6.787556
4876990	15	4.755061
5362033	12	3.274521
9783227	0	5.194733
3697218	14	6.254918
5172922	13	5.074495
4887118	1	5.355187
4013239	13	5.083485
7574284	14	5.165180
8215126	2	6.799072
5192179	16	3.291670
249059	4	5.754857
5952657	2	5.759261
6700617	13	4.528330
8657628	15	4.971172
2767521	7	3.374584
1267109	15	6.065036
1820520	13	3.841415
2033303	16	6.482277
3724967	0	6.776449
48303	3	6.269873
1406072	1	3.508520
2422096	14	4.033865
9998539	11	5.912193
2750615	2	6.007624
1330916	5	6.124020
9480254	13	3.266541
6393777	0	5.923178
6612933	13	3.564056
70435	0	6.526482
943725	15	5.706639
1407684	9	3.801816
2755094	16	3.710388
6467259	12	4.855685
4996574	2	5.203233
7307200	7	3.866937
8233167	0	6.918597
5017202	4	3.393625
7822772	7	6.397946
7616857	11	5.204081
8014812	8	3.368502
3566830	9	6.095298
696089	6	3.400654
7579925	7	4.420099
6551551	3	6.576751
5827178	13	5.386953
8572655	3	4.527840
8683524	16	5.960798
3940429	1	5.562386
3568786	2	4.072187
2564041	4	6.187234
9847404	11	4.461170
9854893	4	6.974509
6923593	13	7.002528
9012091	5	4.282985
442310	5	4.000714
2054299	15	6.371059
1074111	11	5.136564
1884283	0	5.397206
7782294	12	4.104882
1597948	5	6.426874
4199214	3	3.314954
165496	6	3.695709
8491610	0	5.705228
9303529	1	5.520204
7728771	16	6.254962
8568882	8	6.804344
3668018	10	5.582059
43415	1	6.180731
8785761	2	3.487983
6491977	9	6.256892
8120426	8	6.410822
8584139	0	6.060597
1351176	5	3.302339
1566119	7	4.897596
4376147	6	6.978386
8780434	14	4.615016
2451901	13	3.831833
6254138	12	3.345446
8188707	9	3.835617
4189417	2	3.251878
1351424	1	3.181765
3394473	5	5.003163
9880543	14	5.024546
9575387	9	6.098269
9470093	10	5.773236
5165138	9	4.825531
1180048	4	4.037933
6874588	12	4.346977
7037388	14	4.505582
2104822	16	3.707363
507582	16	4.691320
4909345	11	6.426957
1159694	4	3.235942
3361865	8	3.455554
2488344	14	5.068756
736950	10	6.155932
2350929	15	5.969732
9090717	14	5.349595
9244865	15	5.944773
8535097	6	4.694730
4310168	2	4.032581
224701	8	6.049700
60853	12	3.757463
9245121	4	4.560362
6562528	1	3.288229
6754036	1	5.139751
3212832	13	4.649606
5443204	11	5.361988
913800	13	3.300590
7891106	16	4.985224
4730604	13	4.251562
4084593	2	5.571454
4728469	14	4.240114
8790349	3	3.838810
443996	7	4.370531
854762	15	6.663774
9000101	0	5.845006
8754916	4	3.944685
8174275	0	5.742737
7968272	13	4.760400
5238793	15	5.890916
6477445	11	4.652785
3955643	8	3.349223
8806360	14	6.332748
4332734	13	4.734409
2824338	0	5.084928
4086190	10	6.087607
3759736	2	3.708771
9097059	9	5.216494
6862575	7	6.845639
2549733	12	6.710107
2823581	8	6.755131
6794065	14	4.716983
8677888	2	3.265334
3305376	8	7.013410
2644663	12	3.209987
955579	16	4.788718
4695848	12	4.872775
6297003	16	6.743493
7863822	6	3.478483
7769757	9	3.828817
6981074	7	6.046742
9355437	1	4.486621
6628803	13	6.552331
945080	1	5.809655
8205328	8	4.682353
1137942	3	3.672258
930181	12	5.048527
861865	13	5.357520
4410563	8	3.190521
8636639	15	6.139103
7622392	14	5.487724
3377734	1	5.712278
1500280	8	5.409466
6118566	6	3.512431
4808378	4	4.425035
6049187	16	5.186524
3652254	1	5.506165
4164014	14	4.591724
8398729	15	4.022544
4271360	1	5.219404
4507025	12	6.149252
5222022	13	3.410040
7002282	8	6.234317
8401759	8	6.593975
4432490	8	4.184613
4184065	10	6.189757
1561815	1	6.722259
5413268	10	4.993522
7661397	3	4.237776
6027079	13	7.042388
3905489	11	6.453910
1555976	16	6.125521
5680472	13	6.731179
5871549	2	4.087099
8526182	1	3.951819
5295574	5	3.214897
2743768	15	5.782521
2855034	0	4.700900
6780069	4	5.155444
7127656	9	7.116730
4845402	6	5.936073
5588262	15	4.036874
1964619	1	6.489643
7921315	6	4.314589
5938813	0	6.526955
7838937	1	5.726683
5089724	2	3.484413
6973111	14	6.393138
7298276	12	3.163358
4143568	3	4.723348
9974164	14	3.759565
6154935	16	6.746557
953659	7	4.055680
3945857	15	6.276749
8058567	1	6.966044
797237	12	4.912151
5335433	1	6.868731
3380291	8	5.934126
1990162	11	3.639701
537880	11	4.227386
5699421	6	4.959461
6514866	9	3.187948
7557957	9	3.974154
5081342	6	3.266382
9131862	2	3.771820
472892	13	4.968519
4392130	2	4.501004
52249	2	3.233240
3734302	3	4.638971
1202501	7	3.151080
9780935	13	5.133465
1189654	1	6.800615
5809395	1	6.308649
9664753	11	5.985796
7172467	13	4.666381
2779912	11	6.583873
3021213	7	3.249362
4238340	12	6.349742
4273428	12	5.632084
4944467	16	4.192562
1511810	4	5.689865
6312220	9	5.764908
678913	15	6.187746
5855751	6	5.549415
2342507	12	3.677356
2331312	12	5.176475
7380250	6	3.517548
4927082	13	6.253663
4667084	12	3.247589
9399466	14	4.741071
9694538	10	6.085673
6410540	9	4.517627
5296161	6	5.191793
4499540	11	7.130489
5693220	16	6.315369
3556237	11	3.407818
8315766	5	4.386186
2118904	6	3.728403
1478468	7	3.993732
5698558	0	3.680161
1060179	11	3.443307
6908106	10	6.337966
8510685	12	5.438653
3585319	6	6.452782
1046975	5	6.492683
7256178	12	5.714934
7325647	15	3.489884
9665301	1	4.001379
7233265	12	5.520645
2192714	9	5.840164
1560469	2	3.372797
9934287	4	6.328656
9315773	15	6.396954
114942	1	6.157084
4015106	15	4.558756
7364711	10	5.827613
1073353	13	3.620707
859041	14	4.914291
7765503	14	3.427965
6233336	0	4.813187
8969335	13	6.120565
1545397	13	3.336637
1590849	3	4.100720
7281902	11	3.249435
8156461	8	5.383954
3919274	6	5.855490
5743694	1	6.494321
563248	3	4.882605
8212170	10	6.202673
5283763	8	6.201831
1164591	12	6.961549
4987522	5	7.104792
567515	2	5.016540
5407909	2	4.881156
2926371	4	4.648208
4681912	1	5.087436
2099554	7	7.002771
4506633	14	3.141853
1467403	0	5.419286
534709	9	5.827571
5988595	6	4.564556
8627850	13	4.548887
8800141	0	5.809680
3051585	10	5.371471
1088676	0	3.450146
99758	12	3.787445
6595804	4	5.026940
9659763	12	6.991588
5067836	2	4.258417
1943738	8	7.036932
2362953	13	4.186799
9508886	15	4.642097
417556	1	3.689936
429545	0	7.102155
8063610	3	7.124749
5373101	12	6.838527
4344132	3	6.008799
1170791	4	6.406204
6528083	16	7.077566
1886409	16	4.844485
7925757	10	3.447754
8181533	11	3.351377
6254644	0	6.507312
95353	14	3.792909
8130090	16	4.314326
1417536	11	5.889979
9386147	1	4.686107
7397083	14	6.605002
3327250	2	4.328477
3616268	9	4.111365
7675507	4	6.792236
7008570	15	5.194284
9773484	5	3.197371
5273247	12	5.790608
9391340	14	6.178337
2344573	14	4.184766
2150119	14	6.219749
3746081	0	4.327572
3060255	3	5.160554
4530268	0	3.927742
2337446	8	3.338223
6495333	6	3.702497
5679373	14	4.997087
4023852	4	6.367667
2929466	6	3.690871
8627587	3	3.504366
9834581	14	5.276779
5733869	12	5.320819
215117	9	5.445082
6235103	4	5.107764
984449	3	6.264565
4467431	15	3.693776
6184174	10	6.157425
9707207	12	3.429595
6534350	10	6.142497
658950	0	3.524648
8477686	16	6.589205
2933878	4	6.533958
2579036	0	6.812778
4330597	9	3.847510
7244775	6	4.511777
9721672	2	6.740812
59158	4	6.181816
1519779	13	4.277445
3795334	3	6.530236
1950182	3	5.425633
1505666	4	4.106439
3326030	7	6.275637
524861	5	6.438722
1423764	2	5.182979
7308596	4	6.371078
3133976	16	3.594070
5488072	16	3.347483
9313627	11	5.626881
8560421	11	5.328314
2956369	3	5.431338
57500	8	3.749567
9676967	16	7.011589
3202322	3	5.759126
4793389	0	5.509219
423931	14	4.519469
6651091	1	3.916084
492861	10	4.438942
7512198	6	5.932605
5323638	4	3.777945
7195123	9	3.597915
2972639	4	4.224286
57952	8	3.234347
2691158	11	3.260715
1279166	11	5.696390
532261	8	4.843834
3620627	2	4.884699
6772373	2	6.202555
2380956	11	4.884401
8941865	16	6.551666
6708763	6	5.766681
5024323	13	3.579803
6595412	14	4.707587
7014616	9	3.463168
984524	11	6.465736
8290847	6	5.205345
1436545	15	5.923071
5135826	12	6.149504
8039472	11	4.488907
8637327	8	5.007854
8419837	13	4.092446
4236685	0	7.055086
5564989	0	3.153534
1455542	6	6.277779
953034	1	3.443916
8321310	2	6.593140
5371428	15	6.465444
79126	12	5.837861
3561641	7	6.819954
219093	9	6.056304
7215011	4	3.220705
6819945	14	4.698084
3175714	13	3.729638
238407	1	7.012279
3053690	7	4.420342
4067153	8	5.288721
8043152	2	5.629456
9340164	9	5.298246
3345106	9	4.464213
9199449	12	4.080748
5304016	3	5.710599
6537167	8	6.908044
9368734	7	6.011158
8569926	7	5.815346
1249979	10	4.622732
7557526	7	5.847936
7748597	14	3.657956
8993971	7	5.230943
7610855	5	4.102285
3658591	14	7.058779
6790487	10	4.110468
3382188	7	3.945997
4508034	6	3.600139
6284610	9	6.259603
3293967	5	3.831744
7364247	12	6.948410
4715012	14	4.338443
853162	3	6.526232
4092034	3	5.876902
6382677	16	4.924321
2784009	1	3.941911
641217	16	3.474538
9499183	8	3.700273
6818806	3	3.303929
3225201	13	3.851862
5887160	2	4.062997
4448745	4	3.557224
7793425	11	5.991043
5465879	15	6.200128
363937	10	5.970743
4555209	5	4.354247
4633600	16	5.069218
8032894	12	5.234858
644127	12	3.209626
2969711	10	5.866285
4304389	4	5.268675
3831779	10	6.547241
2511204	12	4.986030
3685435	3	6.580994
9644798	8	5.592980
8154276	4	3.909261
5922796	2	4.073905
3371532	4	4.819716
3512228	8	4.947504
1453012	5	3.333746
8400868	13	3.506768
3672010	5	3.351811
7466808	6	4.811833
8067070	2	4.492945
652092	12	4.985207
3609437	6	4.794218
1999057	13	6.108648
1530727	0	6.483673
3071304	9	3.781720
2177747	15	4.809023
5536280	14	4.923908
11392	12	4.180503
2677550	3	5.595920
3945264	6	7.017666
482791	9	4.203486
2103124	12	6.965823
9616925	15	3.439892
7831920	4	3.724882
3010702	11	6.990674
7321758	12	3.822166
6893931	12	6.384970
8738400	5	5.477264
804004	5	3.698740
5224338	6	6.431792
51185	0	4.270611
6641825	3	5.992738
6661419	4	4.475260
1782622	13	7.036780
1380354	10	6.502181
6363393	14	4.112960
7940609	1	4.627361
7885300	5	6.714028
5769605	0	6.747269
8125547	10	6.645081
2826258	9	7.045463
4025541	13	5.832968
7170063	10	4.431425
3449357	10	4.256672
5738010	9	6.700226
7540573	5	4.806097
7647440	1	4.216170
9933811	15	3.444930
295207	6	5.044624
3059691	9	5.929763
5689280	2	6.962944
6049632	14	4.001104
6469306	2	4.853166
8287632	5	3.966065
4468256	7	4.144817
4674949	1	5.577316
3232493	8	5.929148
6497336	4	3.238207
9673637	2	6.856903
8732938	1	6.812946
8926869	4	3.442574
9001286	2	5.393906
3608683	14	4.267871
7199457	8	5.753868
280029	5	4.201084
9700389	8	6.991394
4578513	1	5.184116
5404651	7	5.645713
8229120	0	5.795633
7459164	15	3.336725
6878290	3	6.965100
2339080	8	6.927952
4876534	16	6.125189
8095461	4	6.589852
850646	5	6.301858
44125	3	4.080695
3496978	12	5.709274
62950	6	5.139217
7408421	11	4.218632
5816679	7	5.355874
4818830	8	6.271773
5789253	5	5.749349
5240746	6	4.700118
203653	15	5.773024
5211021	13	6.206485
2810288	9	3.659905
493844	8	3.167083
1420859	15	6.144053
5902242	7	4.727570
6044459	1	6.708403
439320	7	5.482483
2229993	11	6.277189
4041922	8	4.594418
9421024	13	3.968582
8295106	4	5.520647
8131335	6	4.191608
7826929	13	5.935854
1098041	3	3.596357
6435670	3	3.503560
8801568	10	4.804038
6812705	11	4.926694
7698747	16	6.835076
4113693	6	6.867041
7365719	10	6.560400
2401121	15	5.524069
6342531	12	3.945347
401679	4	5.434560
3320569	7	3.873905
1813605	1	4.028247
6780122	9	5.002066
9847633	14	5.613027
5482475	2	4.649441
5901580	15	6.198524
6767227	13	5.146626
3139266	14	3.604212
7895491	2	4.327755
5635849	2	4.801044
4828330	5	4.449005
6855946	10	4.045247
9986587	0	3.325302
8059399	6	7.046642
8689078	2	4.778714
631318	12	6.170804
7143767	14	5.122225
1515077	16	4.599284
5991341	13	3.911935
1981027	11	3.268025
3850821	12	5.092964
3488028	13	7.080837
3390000	5	6.769655
9458522	8	4.830379
8455918	5	4.351300
8082892	3	4.822423
3016554	16	5.524342
6666421	7	3.384227
9940986	13	4.644464
7423653	11	4.549027
50550	0	5.438590
1294176	13	6.676433
947061	11	3.320233
204352	8	6.591797
1556421	11	5.871963
6762894	6	4.984419
7720689	16	7.027331
5816372	13	4.801030
6337781	13	4.230218
5989723	6	5.264854
2376032	11	4.845298
1296948	12	6.918139
811976	12	4.066514
4104147	7	6.922160
9914994	9	4.243324
2686321	16	5.105946
3926049	6	4.685160
5540140	9	3.471758
7248378	10	5.987837
7736673	16	4.580647
1563491	1	5.114679
6555431	12	6.129100
6635218	7	6.179623
213345	16	3.370673
9001175	0	6.587985
1387413	15	3.833049
1448949	13	3.190707
3744090	4	4.730517
8091673	12	3.978419
4073137	16	3.805223
668495	1	3.378885
5358015	16	6.916247
8459191	6	4.085106
2803338	16	3.606838
5880685	5	3.754814
7731214	10	5.599728
6938914	1	7.131569
2795524	3	3.854880
747403	12	5.314235
1890868	11	6.356070
3272524	7	4.413290
2102215	6	4.438370
8783474	16	6.574138
3789712	14	4.166805
5391044	4	4.845686
7451964	8	4.557368
8496436	14	5.376429
6189151	15	6.373405
6760847	16	3.984223
6815566	10	3.224941
4348027	15	4.122521
6583087	13	6.267167
7541304	9	4.505519
73624	14	5.176950
3749462	11	3.950604
4476467	12	4.573299
5223445	0	4.155937
8252315	10	6.856634
5800025	8	6.715543
3363551	1	6.282549
8405854	15	6.691073
5206708	4	4.952818
7834517	16	6.038608
2100480	12	6.088857
7635704	7	4.348890
938003	1	6.985241
6646484	1	5.951713
3981551	0	3.813206
5674454	7	5.405388
1357944	1	6.326614
9074116	1	5.699338
3592265	13	7.016260
356902	16	4.315505
7769258	2	5.487258
139107	1	4.701739
337220	11	5.842161
810131	15	4.409771
3349294	11	4.084764
4862810	2	5.918431
959524	13	6.007358
5239530	3	4.166575
7332149	11	3.562944
4676244	1	4.002496
6961332	16	5.919726
3458083	4	3.683745
1627045	3	4.531079
8703121	9	5.389086
6712572	12	4.195249
3918530	2	3.810791
2147715	15	6.694925
1400518	7	3.971662
9653356	8	3.705441
6392523	11	4.649329
2483877	14	6.703935
1728685	5	3.798176
153613	16	5.677887
3842030	14	6.240481
7532714	7	4.741283
6673773	2	5.528334
6727156	15	4.322430
7591159	10	5.937619
5208393	10	4.221314
3194251	0	3.938163
3034623	0	4.199433
307219	6	3.736711
6378628	12	6.724253
7247743	5	5.011505
8747144	5	5.138350
4627415	9	5.469623
8840093	16	5.423889
9564264	8	3.370406
610672	14	4.467177
4718303	16	3.414677
7570964	9	5.163566
4406695	8	6.055056
951981	10	5.472498
5189350	4	3.908290
3614146	1	4.334922
7645959	9	5.872267
5948631	7	3.720998
8777858	6	6.071925
5240505	8	4.997641
6758813	12	5.032314
3939227	5	4.364912
2087967	10	3.767826
3264657	3	4.112129
3651671	0	3.602921
2257608	8	5.196396
4495580	3	4.521087
5509782	7	4.741839
9752622	11	7.127291
3202063	16	7.019750
1874157	4	6.993375
208382	13	5.702845
6587428	4	6.577629
6277810	10	4.016853
1916149	4	4.096030
6278297	8	6.479672
3613783	8	5.255814
6316183	10	3.224782
1235428	13	4.524577
6059643	9	6.016946
8286365	13	6.031004
3251225	1	3.350094
4145581	5	3.329262
5444189	5	4.185822
7444379	7	4.070228
9940158	7	4.324863
3371404	5	5.779591
1109515	10	5.847945
2330580	4	5.318311
719167	14	6.235876
4078464	14	4.740766
373870	9	5.584609
8549272	1	4.472722
1788387	6	4.482896
4956530	3	5.643261
1813882	6	6.955536
5423308	14	5.022033
3736291	6	4.918271
2243829	3	6.563117
8247354	11	5.463070
5586419	0	5.612747
1085171	13	3.429980
6614829	0	3.825802
8028918	5	5.496171
9058201	8	5.843060
2861338	3	4.658619
2206483	8	3.918209
1034023	9	5.004366
6495170	7	3.144771
2312840	4	4.300001
8465123	13	5.936146
3333708	0	4.587514
5250033	0	4.429613
485191	6	4.649935
4481966	1	5.185216
7970122	3	5.464003
9899643	11	4.645623
8065740	15	7.108442
8526347	12	4.879496
1775952	15	6.076613
9271053	7	5.984298
368353	6	6.817919
8009423	12	4.813018
1487704	12	4.600602
5754215	13	5.927782
5968537	16	6.426335
8160169	14	5.409031
3392822	6	6.327405
4907600	9	6.582660
1704229	6	3.242329
9284618	1	5.834557
7161285	6	4.471324
9260097	15	6.848733
84980	9	6.838488
3402026	8	4.900953
9491513	10	4.407116
2800237	14	4.866660
1820292	6	5.691098
317374	16	6.641492
2369588	8	4.629233
9229225	6	6.340804
3887065	13	6.185776
4217369	13	3.685117
6916799	5	6.758471
5839589	7	5.978973
4146093	1	6.839757
1142102	2	3.900309
3112853	10	4.095341
4489171	1	5.074457
3197349	16	4.407661
7352669	1	5.345144
5055924	3	6.992981
3678332	8	6.459933
6729393	14	3.904177
325120	15	3.339488
3399338	14	6.053624
4756465	10	5.789472
6535149	10	6.221758
2158370	2	3.930642
3465556	6	6.421429
9166448	9	5.953431
6128285	11	7.033063
5037995	10	4.804949
8086603	4	3.676466
3950402	10	4.593170
3512573	8	3.778064
1994700	12	5.350329
7617486	7	4.192970
6195033	13	5.901873
124092	8	5.577982
4180727	0	7.072721
9691464	3	6.054441
9026274	13	4.876354
6244823	6	4.578182
3992257	14	7.120976
6810862	1	4.481715
4403679	13	3.177362
8347690	0	5.599391
693291	3	5.912643
2089441	7	5.275276
4346462	2	7.105133
5491845	7	6.468107
2946220	3	5.141827
5430130	10	7.006301
6046442	13	5.418140
6382017	8	6.509508
2448291	15	5.988932
1082025	8	6.219109
9198719	9	3.738920
5482096	16	5.333221
3039787	14	5.982343
689532	9	4.466965
1861216	2	3.910154
4280978	1	5.270567
4407736	3	5.756801
2141027	14	4.923781
4780282	15	6.521180
3347491	10	5.747158
7344430	5	4.473376
1315658	8	4.721023
3669828	0	5.019628
2757224	13	7.079898
6798746	1	3.516230
4169482	6	5.752527
2846406	0	3.182829
3841631	1	3.416518
5691946	6	3.595662
5167755	2	5.680732
4991261	2	3.566847
3301399	5	7.113879
2815938	16	6.808600
821525	10	6.387920
6424741	3	6.764047
3391981	9	4.049896
5510728	10	6.401025
3364835	1	4.920163
3517306	5	5.221781
4664726	9	5.185757
1075311	4	3.693339
199578	14	5.810161
4146119	12	5.922858
977188	4	5.249382
5763942	7	3.800258
5125515	4	5.295730
3620909	5	3.984872
6022081	9	6.159395
7492446	1	6.504047
930239	15	7.094149
6841612	13	5.241065
1163687	5	4.139160
6641103	14	5.478585
1542650	13	4.406075
445574	11	4.545913
7773456	6	5.144941
340060	5	4.272572
2818440	5	5.461448
5315403	3	6.604712
8205201	6	3.641604
3147672	2	3.188044
8356315	13	3.876245
4178758	14	7.037342
971005	16	5.097533
7368507	0	4.922372
4047608	4	4.790025
3882183	14	3.678734
6267345	8	4.458884
2114347	12	4.266739
664691	13	6.198838
5890749	15	3.542248
351699	14	5.892233
9655006	15	5.456708
1211450	4	3.611907
1028884	10	6.824313